0 60 1 0.318 1524 859 1918 1070 -1 -1 -1 -1
0 60 1 0.305 1524 859 1918 1070 -1 -1 -1 -1
0 60 1 0.304 1524 859 1918 1070 -1 -1 -1 -1
0 60 1 0.277 1524 859 1918 1070 -1 -1 -1 -1
0 60 1 0.29 1524 859 1918 1070 -1 -1 -1 -1
0 60 1 0.28 1524 859 1918 1070 -1 -1 -1 -1
0 60 1 0.3 1523 859 1918 1070 -1 -1 -1 -1
0 60 1 0.298 1523 859 1918 1070 -1 -1 -1 -1
0 60 1 0.31 1523 859 1918 1070 -1 -1 -1 -1
0 60 1 0.289 1523 859 1918 1070 -1 -1 -1 -1
0 60 1 0.288 1523 859 1918 1070 -1 -1 -1 -1
0 60 1 0.298 1523 859 1918 1070 -1 -1 -1 -1
0 60 1 0.306 1523 859 1918 1070 -1 -1 -1 -1
0 60 1 0.304 1523 859 1918 1070 -1 -1 -1 -1
0 60 1 0.317 1523 858 1918 1070 -1 -1 -1 -1
0 60 1 0.317 1523 859 1918 1070 -1 -1 -1 -1
0 60 1 0.316 1523 858 1918 1070 -1 -1 -1 -1
0 60 1 0.307 1523 859 1918 1070 -1 -1 -1 -1
0 60 1 0.297 1523 859 1918 1070 -1 -1 -1 -1
0 60 1 0.301 1524 859 1918 1070 -1 -1 -1 -1
0 60 1 0.304 1523 859 1918 1070 -1 -1 -1 -1
0 60 1 0.299 1523 859 1918 1070 -1 -1 -1 -1
0 60 1 0.321 1523 859 1918 1070 -1 -1 -1 -1
0 60 1 0.295 1523 859 1918 1070 -1 -1 -1 -1
0 60 1 0.293 1523 859 1918 1070 -1 -1 -1 -1
0 60 1 0.305 1523 860 1918 1070 -1 -1 -1 -1
0 60 1 0.3 1523 860 1918 1070 -1 -1 -1 -1
0 60 1 0.301 1523 860 1918 1070 -1 -1 -1 -1
0 60 1 0.302 1523 860 1918 1070 -1 -1 -1 -1
0 60 1 0.303 1524 860 1918 1070 -1 -1 -1 -1
0 60 1 0.311 1524 860 1918 1070 -1 -1 -1 -1
0 60 1 0.319 1523 860 1918 1070 -1 -1 -1 -1
0 60 1 0.304 1523 860 1918 1070 -1 -1 -1 -1
0 60 1 0.306 1523 860 1918 1070 -1 -1 -1 -1
0 60 1 0.324 1523 860 1918 1070 -1 -1 -1 -1
0 60 1 0.329 1523 860 1918 1070 -1 -1 -1 -1
0 60 1 0.32 1523 860 1918 1070 -1 -1 -1 -1
0 60 1 0.324 1524 859 1918 1070 -1 -1 -1 -1
0 60 1 0.317 1523 859 1918 1070 -1 -1 -1 -1
0 60 1 0.314 1524 859 1918 1070 -1 -1 -1 -1
0 60 1 0.309 1524 859 1918 1070 -1 -1 -1 -1
0 60 1 0.31 1524 859 1918 1070 -1 -1 -1 -1
0 60 1 0.302 1524 859 1918 1070 -1 -1 -1 -1
0 60 1 0.291 1524 859 1918 1070 -1 -1 -1 -1
0 60 1 0.288 1523 859 1918 1071 -1 -1 -1 -1
0 60 1 0.274 1523 859 1918 1071 -1 -1 -1 -1
0 60 1 0.291 1524 859 1918 1071 -1 -1 -1 -1
0 60 1 0.304 1524 859 1918 1070 -1 -1 -1 -1
0 60 1 0.295 1524 859 1918 1070 -1 -1 -1 -1
0 60 1 0.279 1524 859 1918 1070 -1 -1 -1 -1
0 60 1 0.289 1525 860 1918 1070 -1 -1 -1 -1
0 60 1 0.286 1524 860 1918 1070 -1 -1 -1 -1
0 60 1 0.273 1524 860 1918 1070 -1 -1 -1 -1
0 60 1 0.271 1524 860 1918 1070 -1 -1 -1 -1
0 60 1 0.283 1524 860 1918 1070 -1 -1 -1 -1
0 60 1 0.296 1524 860 1918 1070 -1 -1 -1 -1
0 60 1 0.295 1524 860 1918 1070 -1 -1 -1 -1
0 60 1 0.306 1524 859 1918 1070 -1 -1 -1 -1
0 60 1 0.302 1524 859 1918 1070 -1 -1 -1 -1
0 60 1 0.3 1523 859 1918 1070 -1 -1 -1 -1
0 60 1 0.312 1523 859 1918 1070 -1 -1 -1 -1
0 60 1 0.315 1524 859 1918 1070 -1 -1 -1 -1
0 60 1 0.32 1524 859 1918 1069 -1 -1 -1 -1
0 60 1 0.322 1524 859 1918 1069 -1 -1 -1 -1
0 60 1 0.326 1524 859 1918 1070 -1 -1 -1 -1
0 60 1 0.338 1524 859 1918 1070 -1 -1 -1 -1
0 60 1 0.332 1524 859 1918 1070 -1 -1 -1 -1
0 60 1 0.337 1524 859 1918 1070 -1 -1 -1 -1
0 60 1 0.345 1524 859 1918 1070 -1 -1 -1 -1
0 60 1 0.334 1524 859 1918 1069 -1 -1 -1 -1
0 60 1 0.34 1524 859 1918 1069 -1 -1 -1 -1
0 60 1 0.343 1524 859 1918 1069 -1 -1 -1 -1
0 60 1 0.344 1524 859 1918 1069 -1 -1 -1 -1
0 60 1 0.351 1524 859 1918 1069 -1 -1 -1 -1
0 60 1 0.336 1524 859 1918 1069 -1 -1 -1 -1
0 60 1 0.325 1524 859 1918 1069 -1 -1 -1 -1
0 60 1 0.319 1524 859 1918 1070 -1 -1 -1 -1
0 60 1 0.312 1524 859 1918 1070 -1 -1 -1 -1
0 60 1 0.294 1524 859 1918 1070 -1 -1 -1 -1
0 60 1 0.293 1524 859 1918 1070 -1 -1 -1 -1
0 60 1 0.296 1524 859 1918 1070 -1 -1 -1 -1
0 60 1 0.279 1524 859 1918 1070 -1 -1 -1 -1
0 60 1 0.281 1524 859 1918 1070 -1 -1 -1 -1
0 60 1 0.272 1524 859 1918 1070 -1 -1 -1 -1
0 60 1 0.273 1524 859 1918 1070 -1 -1 -1 -1
0 60 1 0.279 1523 859 1918 1070 -1 -1 -1 -1
0 60 1 0.268 1523 859 1918 1070 -1 -1 -1 -1
0 60 1 0.272 1523 859 1918 1070 -1 -1 -1 -1
0 60 1 0.29 1524 859 1918 1070 -1 -1 -1 -1
0 60 1 0.298 1524 859 1918 1070 -1 -1 -1 -1
0 60 1 0.293 1524 859 1918 1070 -1 -1 -1 -1
0 60 1 0.308 1523 859 1918 1070 -1 -1 -1 -1
0 60 1 0.305 1523 859 1918 1070 -1 -1 -1 -1
0 60 1 0.301 1523 859 1918 1070 -1 -1 -1 -1
0 60 1 0.298 1523 859 1918 1070 -1 -1 -1 -1
0 60 1 0.302 1523 859 1918 1070 -1 -1 -1 -1
0 60 1 0.286 1523 859 1918 1070 -1 -1 -1 -1
0 60 1 0.281 1523 859 1918 1070 -1 -1 -1 -1
0 60 1 0.279 1523 859 1918 1070 -1 -1 -1 -1
0 60 1 0.288 1524 859 1918 1070 -1 -1 -1 -1
0 60 1 0.28 1524 859 1918 1070 -1 -1 -1 -1
0 60 1 0.297 1524 859 1918 1070 -1 -1 -1 -1
0 60 1 0.268 1523 859 1918 1070 -1 -1 -1 -1
0 60 1 0.275 1523 859 1918 1070 -1 -1 -1 -1
0 60 1 0.275 1523 859 1918 1070 -1 -1 -1 -1
0 60 1 0.275 1523 859 1918 1070 -1 -1 -1 -1
0 60 1 0.271 1523 859 1918 1071 -1 -1 -1 -1
0 60 1 0.268 1523 859 1918 1071 -1 -1 -1 -1
0 60 1 0.254 1523 859 1918 1070 -1 -1 -1 -1
0 60 1 0.255 1524 859 1918 1070 -1 -1 -1 -1
0 60 1 0.275 1524 859 1918 1070 -1 -1 -1 -1
0 60 1 0.273 1524 859 1918 1070 -1 -1 -1 -1
0 72 11 0.321 275 69 569 1066 -1 -1 -1 -1
0 60 1 0.272 1524 859 1918 1070 -1 -1 -1 -1
0 72 11 0.341 275 70 569 1066 -1 -1 -1 -1
0 60 1 0.262 1524 859 1918 1070 -1 -1 -1 -1
0 72 11 0.344 275 71 569 1066 -1 -1 -1 -1
0 60 1 0.241 1524 859 1918 1070 -1 -1 -1 -1
0 72 11 0.346 275 72 571 1066 -1 -1 -1 -1
0 60 1 0.242 1524 859 1918 1070 -1 -1 -1 -1
0 72 11 0.336 275 72 571 1066 -1 -1 -1 -1
0 60 1 0.237 1523 859 1918 1070 -1 -1 -1 -1
0 72 11 0.371 275 73 571 1066 -1 -1 -1 -1
0 60 1 0.229 1523 859 1918 1070 -1 -1 -1 -1
0 72 11 0.351 275 73 573 1066 -1 -1 -1 -1
0 60 1 0.217 1523 859 1918 1070 -1 -1 -1 -1
0 72 11 0.363 275 74 573 1067 -1 -1 -1 -1
0 60 1 0.23 1523 859 1918 1070 -1 -1 -1 -1
0 72 11 0.349 275 73 574 1067 -1 -1 -1 -1
0 60 1 0.232 1523 859 1918 1070 -1 -1 -1 -1
0 72 11 0.381 275 74 574 1066 -1 -1 -1 -1
0 60 1 0.242 1523 859 1918 1070 -1 -1 -1 -1
0 72 11 0.361 275 73 575 1066 -1 -1 -1 -1
0 60 1 0.249 1523 859 1918 1070 -1 -1 -1 -1
0 72 11 0.33 275 73 575 1066 -1 -1 -1 -1
0 60 1 0.269 1523 859 1918 1071 -1 -1 -1 -1
0 72 11 0.35 275 72 572 1066 -1 -1 -1 -1
0 60 1 0.267 1523 859 1918 1070 -1 -1 -1 -1
0 72 11 0.337 275 72 572 1066 -1 -1 -1 -1
0 60 1 0.293 1523 859 1918 1070 -1 -1 -1 -1
0 72 11 0.317 275 72 571 1066 -1 -1 -1 -1
0 60 1 0.314 1523 859 1918 1070 -1 -1 -1 -1
0 72 11 0.342 275 73 571 1066 -1 -1 -1 -1
0 60 1 0.296 1523 859 1918 1070 -1 -1 -1 -1
0 72 11 0.362 275 73 571 1066 -1 -1 -1 -1
0 60 1 0.305 1523 859 1918 1070 -1 -1 -1 -1
0 72 11 0.328 275 73 571 1066 -1 -1 -1 -1
0 60 1 0.309 1523 859 1918 1070 -1 -1 -1 -1
0 72 11 0.341 275 72 572 1066 -1 -1 -1 -1
0 60 1 0.312 1523 859 1918 1070 -1 -1 -1 -1
0 72 11 0.356 275 72 573 1066 -1 -1 -1 -1
0 60 1 0.311 1523 858 1918 1070 -1 -1 -1 -1
0 72 11 0.351 275 72 572 1066 -1 -1 -1 -1
0 60 1 0.311 1523 858 1918 1070 -1 -1 -1 -1
0 72 11 0.314 275 72 572 1066 -1 -1 -1 -1
0 60 1 0.313 1523 859 1918 1070 -1 -1 -1 -1
0 72 11 0.287 275 72 572 1066 -1 -1 -1 -1
0 60 1 0.301 1523 859 1918 1070 -1 -1 -1 -1
0 72 11 0.265 274 72 572 1066 -1 -1 -1 -1
0 60 1 0.306 1523 859 1918 1070 -1 -1 -1 -1
0 72 11 0.297 274 73 571 1066 -1 -1 -1 -1
0 60 1 0.3 1523 858 1918 1070 -1 -1 -1 -1
0 72 11 0.274 275 71 570 1066 -1 -1 -1 -1
0 60 1 0.296 1523 859 1918 1070 -1 -1 -1 -1
0 72 11 0.258 275 70 570 1066 -1 -1 -1 -1
0 60 1 0.311 1523 859 1918 1070 -1 -1 -1 -1
0 72 11 0.232 275 69 572 1066 -1 -1 -1 -1
0 60 1 0.31 1523 859 1918 1070 -1 -1 -1 -1
0 72 11 0.264 275 69 571 1066 -1 -1 -1 -1
0 60 1 0.323 1523 859 1918 1070 -1 -1 -1 -1
0 72 11 0.267 275 69 571 1066 -1 -1 -1 -1
0 60 1 0.301 1523 859 1918 1070 -1 -1 -1 -1
0 72 11 0.273 275 70 570 1066 -1 -1 -1 -1
0 60 1 0.306 1523 859 1918 1070 -1 -1 -1 -1
0 72 11 0.258 275 69 571 1066 -1 -1 -1 -1
0 60 1 0.317 1523 859 1918 1070 -1 -1 -1 -1
0 72 11 0.249 275 69 570 1066 -1 -1 -1 -1
0 60 1 0.315 1523 859 1918 1070 -1 -1 -1 -1
0 72 11 0.242 274 69 570 1066 -1 -1 -1 -1
0 60 1 0.309 1523 859 1918 1070 -1 -1 -1 -1
0 72 11 0.234 274 69 570 1066 -1 -1 -1 -1
0 60 1 0.317 1523 859 1918 1070 -1 -1 -1 -1
0 72 11 0.252 274 68 571 1066 -1 -1 -1 -1
0 60 1 0.309 1523 859 1918 1070 -1 -1 -1 -1
0 72 11 0.26 274 68 571 1066 -1 -1 -1 -1
0 60 1 0.301 1523 859 1918 1070 -1 -1 -1 -1
0 72 11 0.295 274 68 573 1066 -1 -1 -1 -1
0 60 1 0.306 1523 859 1918 1070 -1 -1 -1 -1
0 72 11 0.274 274 69 572 1066 -1 -1 -1 -1
0 60 1 0.311 1523 858 1918 1070 -1 -1 -1 -1
0 72 11 0.272 274 70 571 1066 -1 -1 -1 -1
0 60 1 0.318 1523 859 1918 1070 -1 -1 -1 -1
0 72 11 0.316 275 72 568 1066 -1 -1 -1 -1
0 60 1 0.307 1523 859 1918 1070 -1 -1 -1 -1
0 72 11 0.306 275 72 566 1066 -1 -1 -1 -1
0 60 1 0.303 1523 859 1918 1070 -1 -1 -1 -1
0 72 11 0.334 274 72 566 1066 -1 -1 -1 -1
0 60 1 0.294 1523 859 1918 1070 -1 -1 -1 -1
0 72 11 0.316 274 71 568 1066 -1 -1 -1 -1
0 60 1 0.284 1523 859 1918 1070 -1 -1 -1 -1
0 72 11 0.313 274 70 570 1066 -1 -1 -1 -1
0 60 1 0.283 1523 859 1918 1070 -1 -1 -1 -1
0 72 11 0.31 274 69 570 1066 -1 -1 -1 -1
0 60 1 0.268 1523 859 1918 1070 -1 -1 -1 -1
0 72 11 0.284 274 70 571 1066 -1 -1 -1 -1
0 60 1 0.264 1523 859 1918 1070 -1 -1 -1 -1
0 72 11 0.281 274 69 571 1066 -1 -1 -1 -1
0 60 1 0.259 1523 859 1918 1070 -1 -1 -1 -1
0 72 11 0.316 274 69 571 1066 -1 -1 -1 -1
0 60 1 0.255 1523 859 1918 1070 -1 -1 -1 -1
0 72 11 0.307 274 69 571 1066 -1 -1 -1 -1
0 60 1 0.26 1523 859 1918 1070 -1 -1 -1 -1
0 72 11 0.319 274 69 570 1066 -1 -1 -1 -1
0 60 1 0.26 1523 859 1918 1070 -1 -1 -1 -1
0 72 11 0.302 274 68 570 1066 -1 -1 -1 -1
0 60 1 0.276 1523 859 1918 1070 -1 -1 -1 -1
0 72 11 0.33 274 68 571 1066 -1 -1 -1 -1
0 60 1 0.277 1523 859 1918 1070 -1 -1 -1 -1
0 72 11 0.33 274 69 571 1066 -1 -1 -1 -1
0 60 1 0.282 1523 859 1918 1070 -1 -1 -1 -1
0 72 11 0.312 274 68 572 1066 -1 -1 -1 -1
0 60 1 0.261 1523 859 1918 1070 -1 -1 -1 -1
0 72 11 0.308 274 68 570 1066 -1 -1 -1 -1
0 60 1 0.271 1523 859 1918 1070 -1 -1 -1 -1
0 72 11 0.301 274 67 570 1066 -1 -1 -1 -1
0 60 1 0.264 1523 859 1918 1070 -1 -1 -1 -1
0 72 11 0.27 274 66 571 1067 -1 -1 -1 -1
0 60 1 0.266 1523 859 1918 1070 -1 -1 -1 -1
0 72 11 0.255 274 65 569 1066 -1 -1 -1 -1
0 60 1 0.343 1524 860 1918 1069 -1 -1 -1 -1
0 72 11 0.416 274 71 571 1067 -1 -1 -1 -1
0 60 1 0.338 1524 860 1918 1069 -1 -1 -1 -1
0 72 11 0.418 274 73 572 1067 -1 -1 -1 -1
0 60 1 0.341 1524 860 1918 1069 -1 -1 -1 -1
0 72 11 0.402 275 72 573 1067 -1 -1 -1 -1
0 60 1 0.335 1524 860 1918 1069 -1 -1 -1 -1
0 72 11 0.418 275 72 573 1066 -1 -1 -1 -1
0 60 1 0.34 1524 860 1918 1069 -1 -1 -1 -1
0 72 11 0.388 275 72 574 1067 -1 -1 -1 -1
0 60 1 0.336 1524 860 1918 1069 -1 -1 -1 -1
0 72 11 0.371 275 73 575 1067 -1 -1 -1 -1
0 60 1 0.34 1524 860 1918 1069 -1 -1 -1 -1
0 72 11 0.353 275 73 574 1067 -1 -1 -1 -1
0 60 1 0.342 1524 860 1918 1069 -1 -1 -1 -1
0 72 11 0.338 275 73 573 1066 -1 -1 -1 -1
0 60 1 0.347 1524 860 1918 1069 -1 -1 -1 -1
0 72 11 0.366 275 73 571 1066 -1 -1 -1 -1
0 60 1 0.347 1524 860 1918 1069 -1 -1 -1 -1
0 72 11 0.356 275 74 572 1066 -1 -1 -1 -1
0 60 1 0.337 1524 860 1918 1069 -1 -1 -1 -1
0 72 11 0.403 275 74 570 1066 -1 -1 -1 -1
0 60 1 0.35 1524 860 1918 1069 -1 -1 -1 -1
0 72 11 0.388 275 74 571 1066 -1 -1 -1 -1
0 60 1 0.351 1524 860 1918 1069 -1 -1 -1 -1
0 72 11 0.397 275 75 571 1066 -1 -1 -1 -1
0 60 1 0.347 1524 860 1918 1069 -1 -1 -1 -1
0 72 11 0.374 275 74 571 1066 -1 -1 -1 -1
0 60 1 0.329 1524 860 1918 1069 -1 -1 -1 -1
0 72 11 0.417 275 75 572 1066 -1 -1 -1 -1
0 60 1 0.334 1524 860 1918 1069 -1 -1 -1 -1
0 72 11 0.394 276 83 563 1072 -1 -1 -1 -1
0 60 1 0.322 1524 860 1918 1069 -1 -1 -1 -1
0 72 11 0.389 276 86 561 1074 -1 -1 -1 -1
0 60 1 0.323 1524 859 1918 1069 -1 -1 -1 -1
0 72 11 0.382 276 87 560 1075 -1 -1 -1 -1
0 60 1 0.312 1524 859 1918 1069 -1 -1 -1 -1
0 72 11 0.383 276 88 559 1075 -1 -1 -1 -1
0 60 1 0.293 1523 859 1918 1069 -1 -1 -1 -1
0 72 11 0.387 276 80 568 1070 -1 -1 -1 -1
0 60 1 0.295 1523 859 1918 1069 -1 -1 -1 -1
0 72 11 0.406 275 77 571 1067 -1 -1 -1 -1
0 60 1 0.284 1523 859 1918 1070 -1 -1 -1 -1
0 72 11 0.353 275 75 572 1067 -1 -1 -1 -1
0 60 1 0.276 1523 859 1918 1070 -1 -1 -1 -1
0 72 11 0.344 275 74 575 1066 -1 -1 -1 -1
0 60 1 0.277 1523 859 1918 1070 -1 -1 -1 -1
0 72 11 0.348 275 74 578 1066 -1 -1 -1 -1
0 60 1 0.283 1523 859 1918 1070 -1 -1 -1 -1
0 72 11 0.334 275 73 579 1066 -1 -1 -1 -1
0 60 1 0.274 1523 859 1918 1070 -1 -1 -1 -1
0 72 11 0.353 275 72 580 1066 -1 -1 -1 -1
0 60 1 0.27 1523 859 1918 1070 -1 -1 -1 -1
0 72 11 0.335 275 72 578 1066 -1 -1 -1 -1
0 60 1 0.286 1523 859 1918 1070 -1 -1 -1 -1
0 72 11 0.31 275 71 576 1066 -1 -1 -1 -1
0 60 1 0.291 1523 859 1918 1070 -1 -1 -1 -1
0 72 11 0.302 275 71 574 1067 -1 -1 -1 -1
0 60 1 0.287 1523 860 1918 1070 -1 -1 -1 -1
0 72 11 0.302 275 72 575 1066 -1 -1 -1 -1
0 60 1 0.278 1523 860 1918 1069 -1 -1 -1 -1
0 72 11 0.281 275 73 575 1066 -1 -1 -1 -1
0 60 1 0.287 1523 860 1918 1070 -1 -1 -1 -1
0 72 11 0.293 275 73 575 1066 -1 -1 -1 -1
0 60 1 0.264 1523 860 1918 1070 -1 -1 -1 -1
0 72 11 0.307 275 74 575 1066 -1 -1 -1 -1
0 60 1 0.264 1523 860 1918 1070 -1 -1 -1 -1
0 72 11 0.315 275 73 576 1066 -1 -1 -1 -1
0 60 1 0.273 1523 860 1918 1069 -1 -1 -1 -1
0 72 11 0.304 275 74 576 1066 -1 -1 -1 -1
0 60 1 0.291 1523 860 1918 1069 -1 -1 -1 -1
0 72 11 0.296 275 73 576 1066 -1 -1 -1 -1
0 60 1 0.291 1523 860 1918 1069 -1 -1 -1 -1
0 72 11 0.297 275 73 575 1066 -1 -1 -1 -1
0 60 1 0.3 1523 860 1918 1069 -1 -1 -1 -1
0 72 11 0.271 275 73 574 1066 -1 -1 -1 -1
0 60 1 0.298 1523 860 1918 1069 -1 -1 -1 -1
0 72 11 0.279 275 71 575 1066 -1 -1 -1 -1
0 60 1 0.299 1523 860 1918 1069 -1 -1 -1 -1
0 72 11 0.27 275 71 575 1066 -1 -1 -1 -1
0 60 1 0.3 1523 860 1918 1069 -1 -1 -1 -1
0 72 11 0.304 275 71 574 1066 -1 -1 -1 -1
0 60 1 0.285 1523 860 1918 1070 -1 -1 -1 -1
0 72 11 0.294 275 70 575 1067 -1 -1 -1 -1
0 60 1 0.293 1523 860 1918 1070 -1 -1 -1 -1
0 72 11 0.308 275 71 575 1066 -1 -1 -1 -1
0 60 1 0.29 1523 860 1918 1070 -1 -1 -1 -1
0 72 11 0.311 275 72 575 1066 -1 -1 -1 -1
0 60 1 0.276 1523 860 1918 1070 -1 -1 -1 -1
0 72 11 0.337 275 74 574 1066 -1 -1 -1 -1
0 60 1 0.265 1523 860 1918 1070 -1 -1 -1 -1
0 72 11 0.352 275 75 574 1066 -1 -1 -1 -1
0 60 1 0.269 1523 860 1918 1070 -1 -1 -1 -1
0 72 11 0.333 275 76 575 1066 -1 -1 -1 -1
0 60 1 0.273 1523 860 1918 1070 -1 -1 -1 -1
0 72 11 0.312 275 75 576 1067 -1 -1 -1 -1
0 60 1 0.269 1523 860 1918 1070 -1 -1 -1 -1
0 72 11 0.317 275 74 579 1067 -1 -1 -1 -1
0 60 1 0.268 1523 860 1918 1070 -1 -1 -1 -1
0 72 11 0.299 275 73 577 1066 -1 -1 -1 -1
0 60 1 0.265 1523 860 1918 1070 -1 -1 -1 -1
0 72 11 0.295 275 72 576 1066 -1 -1 -1 -1
0 60 1 0.269 1523 860 1918 1070 -1 -1 -1 -1
0 72 11 0.268 275 72 576 1066 -1 -1 -1 -1
0 60 1 0.268 1523 860 1918 1069 -1 -1 -1 -1
0 72 11 0.262 275 72 576 1066 -1 -1 -1 -1
0 60 1 0.282 1523 860 1918 1069 -1 -1 -1 -1
0 72 11 0.252 275 71 576 1066 -1 -1 -1 -1
0 60 1 0.273 1523 860 1918 1069 -1 -1 -1 -1
0 72 11 0.242 275 71 576 1066 -1 -1 -1 -1
0 60 1 0.28 1523 860 1918 1069 -1 -1 -1 -1
0 72 11 0.229 275 69 576 1066 -1 -1 -1 -1
0 60 1 0.274 1523 860 1918 1069 -1 -1 -1 -1
0 72 11 0.243 275 72 575 1067 -1 -1 -1 -1
0 60 1 0.254 1524 860 1918 1069 -1 -1 -1 -1
0 72 11 0.237 275 72 576 1067 -1 -1 -1 -1
0 60 1 0.27 1524 860 1918 1069 -1 -1 -1 -1
0 72 11 0.265 276 82 567 1072 -1 -1 -1 -1
0 60 1 0.274 1524 860 1918 1069 -1 -1 -1 -1
0 72 11 0.294 275 77 573 1069 -1 -1 -1 -1
0 60 1 0.299 1524 859 1918 1069 -1 -1 -1 -1
0 72 11 0.36 276 85 559 1072 -1 -1 -1 -1
0 60 1 0.282 1525 859 1918 1070 -1 -1 -1 -1
0 72 11 0.367 276 87 552 1074 -1 -1 -1 -1
0 60 1 0.297 1525 859 1918 1070 -1 -1 -1 -1
0 72 11 0.371 276 88 551 1075 -1 -1 -1 -1
0 60 1 0.305 1525 859 1918 1070 -1 -1 -1 -1
0 72 11 0.367 276 88 552 1075 -1 -1 -1 -1
0 60 1 0.318 1525 859 1918 1070 -1 -1 -1 -1
0 72 11 0.348 276 89 552 1076 -1 -1 -1 -1
0 60 1 0.336 1525 859 1918 1070 -1 -1 -1 -1
0 72 11 0.346 276 89 552 1076 -1 -1 -1 -1
0 60 1 0.332 1525 859 1918 1070 -1 -1 -1 -1
0 72 11 0.343 276 89 554 1076 -1 -1 -1 -1
0 60 1 0.303 1524 859 1918 1070 -1 -1 -1 -1
0 72 11 0.31 275 80 565 1070 -1 -1 -1 -1
0 60 1 0.299 1524 859 1918 1070 -1 -1 -1 -1
0 72 11 0.332 275 75 566 1067 -1 -1 -1 -1
0 60 1 0.301 1524 859 1918 1070 -1 -1 -1 -1
0 72 11 0.337 275 74 566 1066 -1 -1 -1 -1
0 60 1 0.297 1524 859 1918 1070 -1 -1 -1 -1
0 72 11 0.363 276 83 558 1071 -1 -1 -1 -1
0 60 1 0.269 1524 860 1918 1070 -1 -1 -1 -1
0 72 11 0.327 275 76 563 1068 -1 -1 -1 -1
0 60 1 0.295 1524 860 1918 1070 -1 -1 -1 -1
0 72 11 0.281 275 73 565 1067 -1 -1 -1 -1
0 60 1 0.282 1524 860 1918 1070 -1 -1 -1 -1
0 72 11 0.302 275 72 566 1066 -1 -1 -1 -1
0 60 1 0.285 1524 859 1918 1070 -1 -1 -1 -1
0 72 11 0.331 275 72 566 1066 -1 -1 -1 -1
0 60 1 0.274 1524 859 1918 1070 -1 -1 -1 -1
0 72 11 0.302 275 72 566 1066 -1 -1 -1 -1
0 60 1 0.276 1524 860 1918 1070 -1 -1 -1 -1
0 72 11 0.309 276 82 559 1071 -1 -1 -1 -1
0 60 1 0.288 1524 860 1918 1070 -1 -1 -1 -1
0 72 11 0.311 276 86 556 1073 -1 -1 -1 -1
0 60 1 0.288 1524 859 1918 1070 -1 -1 -1 -1
0 72 11 0.323 277 88 555 1073 -1 -1 -1 -1
0 60 1 0.296 1524 859 1918 1070 -1 -1 -1 -1
0 72 11 0.312 277 89 555 1073 -1 -1 -1 -1
0 60 1 0.309 1524 859 1918 1070 -1 -1 -1 -1
0 72 11 0.337 277 89 554 1073 -1 -1 -1 -1
0 60 1 0.308 1524 859 1918 1070 -1 -1 -1 -1
0 72 11 0.366 277 89 555 1073 -1 -1 -1 -1
0 60 1 0.304 1524 859 1918 1070 -1 -1 -1 -1
0 72 11 0.366 277 89 555 1073 -1 -1 -1 -1
0 60 1 0.303 1524 859 1918 1070 -1 -1 -1 -1
0 72 11 0.369 277 89 554 1073 -1 -1 -1 -1
0 60 1 0.315 1524 859 1918 1070 -1 -1 -1 -1
0 72 11 0.392 277 88 553 1073 -1 -1 -1 -1
0 60 1 0.294 1524 859 1918 1070 -1 -1 -1 -1
0 72 11 0.396 277 88 553 1073 -1 -1 -1 -1
0 60 1 0.32 1524 859 1918 1070 -1 -1 -1 -1
0 72 11 0.393 277 88 553 1073 -1 -1 -1 -1
0 60 1 0.315 1524 859 1918 1070 -1 -1 -1 -1
0 72 11 0.397 277 87 552 1074 -1 -1 -1 -1
0 60 1 0.291 1524 859 1918 1070 -1 -1 -1 -1
0 72 11 0.396 277 87 553 1074 -1 -1 -1 -1
0 60 1 0.286 1524 859 1918 1070 -1 -1 -1 -1
0 72 11 0.371 276 87 554 1074 -1 -1 -1 -1
0 60 1 0.28 1524 859 1918 1070 -1 -1 -1 -1
0 72 11 0.331 277 87 554 1074 -1 -1 -1 -1
0 60 1 0.272 1524 859 1918 1070 -1 -1 -1 -1
0 72 11 0.318 277 86 554 1074 -1 -1 -1 -1
0 60 1 0.283 1524 860 1918 1070 -1 -1 -1 -1
0 72 11 0.303 276 86 555 1074 -1 -1 -1 -1
0 60 1 0.295 1524 860 1918 1070 -1 -1 -1 -1
0 72 11 0.291 276 85 554 1074 -1 -1 -1 -1
0 60 1 0.302 1524 860 1918 1070 -1 -1 -1 -1
0 72 11 0.231 276 73 563 1069 -1 -1 -1 -1
0 60 1 0.315 1524 860 1918 1070 -1 -1 -1 -1
0 72 11 0.229 276 69 568 1067 -1 -1 -1 -1
0 60 1 0.308 1524 859 1918 1070 -1 -1 -1 -1
0 72 11 0.256 276 69 568 1066 -1 -1 -1 -1
0 60 1 0.314 1524 859 1918 1070 -1 -1 -1 -1
0 72 11 0.258 275 68 567 1066 -1 -1 -1 -1
0 60 1 0.312 1524 859 1918 1070 -1 -1 -1 -1
0 72 11 0.272 276 77 557 1071 -1 -1 -1 -1
0 60 1 0.307 1524 859 1918 1070 -1 -1 -1 -1
0 72 11 0.278 276 82 554 1072 -1 -1 -1 -1
0 60 1 0.289 1524 859 1918 1070 -1 -1 -1 -1
0 72 11 0.273 276 84 552 1073 -1 -1 -1 -1
0 60 1 0.291 1524 860 1918 1070 -1 -1 -1 -1
0 72 11 0.291 276 84 552 1073 -1 -1 -1 -1
0 60 1 0.255 1524 860 1918 1070 -1 -1 -1 -1
0 72 11 0.268 276 85 553 1074 -1 -1 -1 -1
0 60 1 0.264 1524 860 1918 1070 -1 -1 -1 -1
0 72 11 0.265 276 84 555 1073 -1 -1 -1 -1
0 60 1 0.273 1524 860 1918 1070 -1 -1 -1 -1
0 72 11 0.284 276 85 555 1074 -1 -1 -1 -1
0 60 1 0.291 1524 860 1918 1070 -1 -1 -1 -1
0 72 11 0.263 276 85 554 1074 -1 -1 -1 -1
0 60 1 0.295 1524 860 1918 1070 -1 -1 -1 -1
0 72 11 0.264 276 78 562 1069 -1 -1 -1 -1
0 60 1 0.314 1524 860 1918 1070 -1 -1 -1 -1
0 72 11 0.265 276 83 557 1072 -1 -1 -1 -1
0 60 1 0.331 1524 860 1918 1070 -1 -1 -1 -1
0 72 11 0.276 276 85 555 1074 -1 -1 -1 -1
0 60 1 0.329 1524 860 1918 1070 -1 -1 -1 -1
0 72 11 0.303 276 86 553 1075 -1 -1 -1 -1
0 60 1 0.323 1524 860 1918 1070 -1 -1 -1 -1
0 72 11 0.327 277 86 554 1075 -1 -1 -1 -1
0 60 1 0.314 1524 860 1918 1070 -1 -1 -1 -1
0 72 11 0.302 277 86 555 1075 -1 -1 -1 -1
0 60 1 0.306 1524 860 1918 1070 -1 -1 -1 -1
0 72 11 0.277 277 86 556 1075 -1 -1 -1 -1
0 60 1 0.303 1524 860 1918 1070 -1 -1 -1 -1
0 72 11 0.266 277 86 556 1075 -1 -1 -1 -1
0 60 1 0.283 1524 860 1918 1070 -1 -1 -1 -1
0 72 11 0.284 276 85 557 1074 -1 -1 -1 -1
0 60 1 0.278 1523 860 1918 1070 -1 -1 -1 -1
0 72 11 0.304 276 77 566 1069 -1 -1 -1 -1
0 60 1 0.263 1524 860 1918 1070 -1 -1 -1 -1
0 72 11 0.264 276 80 560 1072 -1 -1 -1 -1
0 60 1 0.253 1524 860 1918 1070 -1 -1 -1 -1
0 72 11 0.218 276 82 557 1073 -1 -1 -1 -1
0 60 1 0.237 1524 860 1918 1070 -1 -1 -1 -1
0 72 11 0.243 276 84 557 1073 -1 -1 -1 -1
0 60 1 0.235 1524 860 1918 1070 -1 -1 -1 -1
0 72 11 0.228 276 76 565 1069 -1 -1 -1 -1
0 60 1 0.343 1524 860 1918 1069 -1 -1 -1 -1
0 72 11 0.401 275 75 552 1066 -1 -1 -1 -1
0 60 1 0.346 1524 860 1918 1069 -1 -1 -1 -1
0 72 11 0.381 275 75 548 1066 -1 -1 -1 -1
0 60 1 0.329 1524 860 1918 1069 -1 -1 -1 -1
0 72 11 0.362 275 75 546 1065 -1 -1 -1 -1
0 60 1 0.331 1524 860 1918 1069 -1 -1 -1 -1
0 72 11 0.366 275 73 547 1065 -1 -1 -1 -1
0 60 1 0.338 1524 860 1918 1069 -1 -1 -1 -1
0 72 11 0.348 275 73 548 1065 -1 -1 -1 -1
0 60 1 0.335 1524 860 1918 1069 -1 -1 -1 -1
0 72 11 0.361 275 73 549 1065 -1 -1 -1 -1
0 60 1 0.33 1524 860 1918 1069 -1 -1 -1 -1
0 72 11 0.372 275 72 550 1065 -1 -1 -1 -1
0 60 1 0.325 1524 860 1918 1069 -1 -1 -1 -1
0 72 11 0.376 275 73 553 1066 -1 -1 -1 -1
0 60 1 0.321 1524 860 1918 1069 -1 -1 -1 -1
0 72 11 0.35 275 73 555 1066 -1 -1 -1 -1
0 60 1 0.336 1524 860 1918 1069 -1 -1 -1 -1
0 72 11 0.366 275 74 555 1066 -1 -1 -1 -1
0 60 1 0.342 1524 859 1918 1069 -1 -1 -1 -1
0 72 11 0.345 276 82 547 1072 -1 -1 -1 -1
0 60 1 0.336 1524 859 1918 1069 -1 -1 -1 -1
0 72 11 0.325 275 77 553 1068 -1 -1 -1 -1
0 60 1 0.344 1524 859 1918 1069 -1 -1 -1 -1
0 72 11 0.328 275 75 555 1066 -1 -1 -1 -1
0 60 1 0.355 1524 860 1918 1069 -1 -1 -1 -1
0 72 11 0.342 275 75 556 1066 -1 -1 -1 -1
0 60 1 0.347 1524 859 1918 1069 -1 -1 -1 -1
0 72 11 0.336 275 74 557 1066 -1 -1 -1 -1
0 60 1 0.351 1524 859 1918 1069 -1 -1 -1 -1
0 72 11 0.345 275 76 559 1066 -1 -1 -1 -1
0 60 1 0.345 1524 859 1918 1070 -1 -1 -1 -1
0 72 11 0.357 275 76 558 1066 -1 -1 -1 -1
0 60 1 0.348 1524 859 1918 1070 -1 -1 -1 -1
0 72 11 0.342 275 75 559 1066 -1 -1 -1 -1
0 60 1 0.33 1524 859 1918 1070 -1 -1 -1 -1
0 72 11 0.334 275 76 558 1066 -1 -1 -1 -1
0 60 1 0.33 1524 859 1918 1069 -1 -1 -1 -1
0 72 11 0.324 275 75 557 1066 -1 -1 -1 -1
0 60 1 0.327 1524 859 1918 1070 -1 -1 -1 -1
0 72 11 0.323 275 75 557 1066 -1 -1 -1 -1
0 60 1 0.33 1524 859 1918 1070 -1 -1 -1 -1
0 72 11 0.353 275 76 556 1066 -1 -1 -1 -1
0 60 1 0.322 1524 859 1918 1070 -1 -1 -1 -1
0 72 11 0.366 275 76 555 1066 -1 -1 -1 -1
0 60 1 0.318 1524 859 1918 1070 -1 -1 -1 -1
0 72 11 0.358 275 76 555 1066 -1 -1 -1 -1
0 60 1 0.325 1524 859 1918 1070 -1 -1 -1 -1
0 72 11 0.358 275 76 555 1066 -1 -1 -1 -1
0 60 1 0.324 1524 859 1918 1070 -1 -1 -1 -1
0 72 11 0.347 275 76 554 1066 -1 -1 -1 -1
0 60 1 0.328 1524 860 1918 1070 -1 -1 -1 -1
0 72 11 0.343 275 75 554 1066 -1 -1 -1 -1
0 60 1 0.33 1524 859 1918 1070 -1 -1 -1 -1
0 72 11 0.315 275 76 556 1066 -1 -1 -1 -1
0 60 1 0.342 1523 859 1918 1070 -1 -1 -1 -1
0 72 11 0.303 275 75 557 1066 -1 -1 -1 -1
0 60 1 0.34 1523 859 1918 1070 -1 -1 -1 -1
0 72 11 0.295 275 76 556 1066 -1 -1 -1 -1
0 60 1 0.314 1523 859 1918 1070 -1 -1 -1 -1
0 72 11 0.279 275 76 556 1066 -1 -1 -1 -1
0 60 1 0.289 1523 860 1918 1070 -1 -1 -1 -1
0 72 11 0.293 275 76 555 1066 -1 -1 -1 -1
0 60 1 0.3 1523 859 1918 1070 -1 -1 -1 -1
0 72 11 0.322 275 76 555 1066 -1 -1 -1 -1
0 60 1 0.297 1523 859 1918 1070 -1 -1 -1 -1
0 72 11 0.359 275 77 555 1066 -1 -1 -1 -1
0 60 1 0.298 1523 859 1918 1070 -1 -1 -1 -1
0 72 11 0.365 276 84 547 1075 -1 -1 -1 -1
0 60 1 0.31 1524 860 1918 1070 -1 -1 -1 -1
0 72 11 0.372 276 87 545 1077 -1 -1 -1 -1
0 60 1 0.305 1524 860 1918 1070 -1 -1 -1 -1
0 72 11 0.393 277 88 545 1077 -1 -1 -1 -1
0 60 1 0.282 1524 860 1918 1070 -1 -1 -1 -1
0 72 11 0.385 277 87 544 1077 -1 -1 -1 -1
0 60 1 0.275 1524 860 1918 1070 -1 -1 -1 -1
0 72 11 0.374 277 87 546 1077 -1 -1 -1 -1
0 60 1 0.291 1524 860 1918 1070 -1 -1 -1 -1
0 72 11 0.349 276 87 546 1077 -1 -1 -1 -1
0 60 1 0.279 1524 860 1918 1070 -1 -1 -1 -1
0 72 11 0.32 276 86 545 1078 -1 -1 -1 -1
0 60 1 0.284 1524 860 1918 1070 -1 -1 -1 -1
0 72 11 0.312 276 86 545 1078 -1 -1 -1 -1
0 60 1 0.283 1524 860 1918 1071 -1 -1 -1 -1
0 72 11 0.323 276 86 545 1078 -1 -1 -1 -1
0 60 1 0.287 1524 860 1918 1071 -1 -1 -1 -1
0 72 11 0.326 276 86 544 1078 -1 -1 -1 -1
0 60 1 0.277 1524 860 1918 1071 -1 -1 -1 -1
0 72 11 0.346 276 86 545 1078 -1 -1 -1 -1
0 60 1 0.261 1524 860 1918 1071 -1 -1 -1 -1
0 72 11 0.376 277 86 546 1078 -1 -1 -1 -1
0 60 1 0.267 1524 860 1918 1071 -1 -1 -1 -1
0 72 11 0.342 277 85 546 1078 -1 -1 -1 -1
0 60 1 0.281 1524 860 1918 1071 -1 -1 -1 -1
0 72 11 0.325 277 85 547 1078 -1 -1 -1 -1
0 60 1 0.293 1524 860 1918 1070 -1 -1 -1 -1
0 72 11 0.337 277 86 548 1078 -1 -1 -1 -1
0 60 1 0.284 1524 860 1918 1070 -1 -1 -1 -1
0 72 11 0.338 277 86 550 1078 -1 -1 -1 -1
0 60 1 0.294 1524 860 1918 1070 -1 -1 -1 -1
0 72 11 0.349 277 86 550 1078 -1 -1 -1 -1
0 60 1 0.297 1524 860 1918 1070 -1 -1 -1 -1
0 72 11 0.383 277 87 549 1078 -1 -1 -1 -1
0 60 1 0.309 1524 860 1918 1070 -1 -1 -1 -1
0 72 11 0.35 276 86 550 1077 -1 -1 -1 -1
0 60 1 0.325 1524 860 1918 1070 -1 -1 -1 -1
0 72 11 0.353 275 78 558 1070 -1 -1 -1 -1
0 60 1 0.32 1524 860 1918 1070 -1 -1 -1 -1
0 72 11 0.343 275 74 562 1067 -1 -1 -1 -1
0 60 1 0.299 1524 860 1918 1070 -1 -1 -1 -1
0 72 11 0.332 275 73 564 1066 -1 -1 -1 -1
0 60 1 0.289 1523 860 1918 1071 -1 -1 -1 -1
0 72 11 0.341 274 74 564 1066 -1 -1 -1 -1
0 60 1 0.288 1523 860 1918 1071 -1 -1 -1 -1
0 72 11 0.331 275 81 554 1073 -1 -1 -1 -1
0 60 1 0.291 1524 860 1918 1070 -1 -1 -1 -1
0 72 11 0.33 276 84 551 1076 -1 -1 -1 -1
0 60 1 0.281 1524 860 1918 1070 -1 -1 -1 -1
0 72 11 0.316 276 85 551 1077 -1 -1 -1 -1
0 60 1 0.365 1524 859 1918 1070 -1 -1 -1 -1
0 72 11 0.287 275 78 557 1070 -1 -1 -1 -1
0 60 1 0.365 1524 859 1918 1070 -1 -1 -1 -1
0 72 11 0.285 276 84 550 1075 -1 -1 -1 -1
0 60 1 0.365 1524 859 1918 1070 -1 -1 -1 -1
0 72 11 0.323 276 87 548 1078 -1 -1 -1 -1
0 60 1 0.358 1524 859 1918 1070 -1 -1 -1 -1
0 72 11 0.294 276 88 546 1079 -1 -1 -1 -1
0 60 1 0.374 1524 859 1918 1070 -1 -1 -1 -1
0 72 11 0.311 276 88 545 1079 -1 -1 -1 -1
0 60 1 0.373 1524 859 1918 1070 -1 -1 -1 -1
0 72 11 0.32 276 88 546 1080 -1 -1 -1 -1
0 60 1 0.367 1524 859 1918 1071 -1 -1 -1 -1
0 72 11 0.322 275 80 555 1071 -1 -1 -1 -1
0 60 1 0.351 1524 859 1918 1071 -1 -1 -1 -1
0 72 11 0.314 275 77 559 1067 -1 -1 -1 -1
0 60 1 0.337 1524 859 1918 1071 -1 -1 -1 -1
0 72 11 0.301 274 76 562 1066 -1 -1 -1 -1
0 60 1 0.352 1524 859 1918 1071 -1 -1 -1 -1
0 72 11 0.314 274 76 563 1066 -1 -1 -1 -1
0 60 1 0.353 1524 859 1918 1071 -1 -1 -1 -1
0 72 11 0.304 275 84 553 1074 -1 -1 -1 -1
0 60 1 0.35 1524 859 1918 1070 -1 -1 -1 -1
0 72 11 0.33 276 87 549 1076 -1 -1 -1 -1
0 60 1 0.341 1524 860 1918 1070 -1 -1 -1 -1
0 72 11 0.304 276 88 547 1077 -1 -1 -1 -1
0 60 1 0.334 1524 860 1918 1070 -1 -1 -1 -1
0 72 11 0.312 276 88 547 1077 -1 -1 -1 -1
0 60 1 0.313 1524 860 1918 1070 -1 -1 -1 -1
0 72 11 0.285 275 79 557 1070 -1 -1 -1 -1
0 60 1 0.32 1524 860 1918 1070 -1 -1 -1 -1
0 72 11 0.287 275 76 561 1067 -1 -1 -1 -1
0 60 1 0.309 1524 860 1918 1071 -1 -1 -1 -1
0 72 11 0.273 275 74 564 1066 -1 -1 -1 -1
0 60 1 0.301 1524 860 1918 1071 -1 -1 -1 -1
0 72 11 0.265 275 82 554 1073 -1 -1 -1 -1
0 60 1 0.296 1524 860 1918 1071 -1 -1 -1 -1
0 72 11 0.246 276 84 551 1075 -1 -1 -1 -1
0 60 1 0.29 1524 860 1918 1071 -1 -1 -1 -1
0 72 11 0.265 275 78 559 1069 -1 -1 -1 -1
0 60 1 0.281 1524 860 1918 1071 -1 -1 -1 -1
0 72 11 0.256 275 83 553 1074 -1 -1 -1 -1
0 60 1 0.263 1524 860 1918 1071 -1 -1 -1 -1
0 72 11 0.269 275 77 561 1069 -1 -1 -1 -1
0 60 1 0.266 1524 860 1918 1071 -1 -1 -1 -1
0 72 11 0.269 275 74 563 1067 -1 -1 -1 -1
0 60 1 0.264 1524 860 1918 1071 -1 -1 -1 -1
0 72 11 0.286 275 74 563 1066 -1 -1 -1 -1
0 60 1 0.287 1524 859 1918 1071 -1 -1 -1 -1
0 72 11 0.296 275 74 563 1066 -1 -1 -1 -1
0 60 1 0.301 1524 859 1918 1071 -1 -1 -1 -1
0 72 11 0.296 274 74 565 1065 -1 -1 -1 -1
0 60 1 0.323 1524 859 1918 1071 -1 -1 -1 -1
0 72 11 0.294 275 82 555 1073 -1 -1 -1 -1
0 60 1 0.325 1524 859 1918 1070 -1 -1 -1 -1
0 72 11 0.312 275 85 551 1076 -1 -1 -1 -1
0 60 1 0.312 1524 859 1918 1071 -1 -1 -1 -1
0 72 11 0.283 275 79 560 1070 -1 -1 -1 -1
0 60 1 0.313 1524 859 1918 1071 -1 -1 -1 -1
0 72 11 0.289 276 84 553 1075 -1 -1 -1 -1
0 60 1 0.312 1524 859 1918 1071 -1 -1 -1 -1
0 72 11 0.274 276 86 551 1077 -1 -1 -1 -1
0 60 1 0.309 1524 859 1918 1071 -1 -1 -1 -1
0 72 11 0.296 276 86 550 1077 -1 -1 -1 -1
0 60 1 0.303 1524 859 1918 1071 -1 -1 -1 -1
0 72 11 0.3 276 86 549 1077 -1 -1 -1 -1
0 60 1 0.294 1524 859 1918 1071 -1 -1 -1 -1
0 72 11 0.275 276 87 550 1077 -1 -1 -1 -1
0 60 1 0.291 1524 859 1918 1071 -1 -1 -1 -1
0 72 11 0.257 275 79 560 1070 -1 -1 -1 -1
0 60 1 0.296 1524 859 1918 1071 -1 -1 -1 -1
0 72 11 0.237 275 75 566 1067 -1 -1 -1 -1
0 60 1 0.304 1524 859 1918 1071 -1 -1 -1 -1
0 72 11 0.215 275 73 568 1066 -1 -1 -1 -1
0 60 1 0.305 1524 859 1918 1071 -1 -1 -1 -1
0 72 11 0.205 275 72 568 1066 -1 -1 -1 -1
0 60 1 0.299 1524 859 1918 1071 -1 -1 -1 -1
0 72 11 0.224 276 79 558 1072 -1 -1 -1 -1
0 60 1 0.289 1524 860 1918 1071 -1 -1 -1 -1
0 72 11 0.249 275 75 563 1068 -1 -1 -1 -1
0 60 1 0.289 1524 859 1918 1071 -1 -1 -1 -1
0 72 11 0.255 275 73 564 1066 -1 -1 -1 -1
0 60 1 0.282 1524 860 1918 1071 -1 -1 -1 -1
0 72 11 0.253 275 71 567 1066 -1 -1 -1 -1
0 60 1 0.281 1524 860 1918 1071 -1 -1 -1 -1
0 72 11 0.243 275 71 568 1066 -1 -1 -1 -1
0 60 1 0.281 1524 860 1918 1071 -1 -1 -1 -1
0 72 11 0.231 275 72 568 1066 -1 -1 -1 -1
0 60 1 0.266 1524 860 1918 1071 -1 -1 -1 -1
0 72 11 0.215 275 71 568 1066 -1 -1 -1 -1
0 60 1 0.288 1524 860 1918 1071 -1 -1 -1 -1
0 72 11 0.231 274 71 567 1066 -1 -1 -1 -1
0 60 1 0.305 1524 860 1918 1071 -1 -1 -1 -1
0 72 11 0.243 274 71 566 1066 -1 -1 -1 -1
0 60 1 0.314 1524 860 1918 1071 -1 -1 -1 -1
0 72 11 0.277 274 72 565 1065 -1 -1 -1 -1
0 60 1 0.299 1524 859 1918 1071 -1 -1 -1 -1
0 72 11 0.303 274 72 566 1065 -1 -1 -1 -1
0 60 1 0.281 1524 859 1918 1071 -1 -1 -1 -1
0 72 11 0.298 275 73 566 1066 -1 -1 -1 -1
0 60 1 0.283 1524 859 1918 1071 -1 -1 -1 -1
0 72 11 0.284 275 73 564 1065 -1 -1 -1 -1
0 60 1 0.277 1524 859 1918 1071 -1 -1 -1 -1
0 72 11 0.279 275 73 563 1065 -1 -1 -1 -1
0 60 1 0.276 1524 860 1918 1071 -1 -1 -1 -1
0 72 11 0.327 275 73 561 1065 -1 -1 -1 -1
0 60 1 0.269 1524 860 1918 1071 -1 -1 -1 -1
0 72 11 0.305 275 73 562 1065 -1 -1 -1 -1
0 60 1 0.265 1524 860 1918 1071 -1 -1 -1 -1
0 72 11 0.265 275 72 564 1065 -1 -1 -1 -1
0 60 1 0.262 1524 860 1918 1071 -1 -1 -1 -1
0 72 11 0.268 275 71 565 1066 -1 -1 -1 -1
0 60 1 0.262 1524 860 1918 1071 -1 -1 -1 -1
0 72 11 0.263 275 71 567 1066 -1 -1 -1 -1
0 60 1 0.256 1524 860 1918 1071 -1 -1 -1 -1
0 72 11 0.241 275 71 568 1066 -1 -1 -1 -1
0 60 1 0.263 1524 860 1918 1071 -1 -1 -1 -1
0 72 11 0.228 275 71 567 1066 -1 -1 -1 -1
0 60 1 0.265 1524 860 1918 1071 -1 -1 -1 -1
0 72 11 0.235 274 71 567 1066 -1 -1 -1 -1
0 60 1 0.248 1523 860 1918 1071 -1 -1 -1 -1
0 72 11 0.292 276 77 567 1072 -1 -1 -1 -1
0 60 1 0.249 1523 860 1918 1071 -1 -1 -1 -1
0 72 11 0.277 275 70 571 1069 -1 -1 -1 -1
0 60 1 0.243 1523 860 1918 1072 -1 -1 -1 -1
0 72 11 0.293 275 67 572 1067 -1 -1 -1 -1
0 60 1 0.262 1523 860 1918 1072 -1 -1 -1 -1
0 72 11 0.307 275 68 573 1067 -1 -1 -1 -1
0 60 1 0.274 1523 860 1918 1072 -1 -1 -1 -1
0 72 11 0.307 275 68 573 1067 -1 -1 -1 -1
0 60 1 0.265 1523 860 1918 1072 -1 -1 -1 -1
0 72 11 0.267 275 69 573 1067 -1 -1 -1 -1
0 60 1 0.247 1523 860 1918 1072 -1 -1 -1 -1
0 72 11 0.291 275 71 573 1066 -1 -1 -1 -1
0 60 1 0.257 1523 860 1918 1072 -1 -1 -1 -1
0 72 11 0.309 275 72 572 1066 -1 -1 -1 -1
0 60 1 0.267 1523 860 1918 1071 -1 -1 -1 -1
0 72 11 0.295 275 72 572 1066 -1 -1 -1 -1
0 60 1 0.263 1523 860 1918 1071 -1 -1 -1 -1
0 72 11 0.294 276 81 567 1072 -1 -1 -1 -1
0 60 1 0.254 1523 859 1918 1071 -1 -1 -1 -1
0 72 11 0.255 276 74 572 1069 -1 -1 -1 -1
0 60 1 0.253 1523 859 1918 1071 -1 -1 -1 -1
0 72 11 0.264 275 70 575 1067 -1 -1 -1 -1
0 60 1 0.253 1523 859 1918 1071 -1 -1 -1 -1
0 72 11 0.282 275 69 576 1067 -1 -1 -1 -1
0 60 1 0.252 1523 860 1918 1071 -1 -1 -1 -1
0 72 11 0.273 275 71 575 1067 -1 -1 -1 -1
0 60 1 0.243 1523 860 1918 1071 -1 -1 -1 -1
0 72 11 0.254 275 71 574 1067 -1 -1 -1 -1
0 60 1 0.263 1523 860 1918 1071 -1 -1 -1 -1
0 72 11 0.249 275 72 573 1067 -1 -1 -1 -1
0 60 1 0.256 1523 860 1918 1071 -1 -1 -1 -1
0 72 11 0.257 275 72 573 1067 -1 -1 -1 -1
0 60 1 0.251 1524 860 1918 1071 -1 -1 -1 -1
0 72 11 0.264 275 73 571 1067 -1 -1 -1 -1
0 60 1 0.263 1524 860 1918 1071 -1 -1 -1 -1
0 72 11 0.241 275 74 571 1067 -1 -1 -1 -1
0 60 1 0.264 1524 860 1918 1071 -1 -1 -1 -1
0 72 11 0.272 276 81 565 1073 -1 -1 -1 -1
0 60 1 0.258 1524 860 1918 1071 -1 -1 -1 -1
0 72 11 0.29 276 84 563 1075 -1 -1 -1 -1
0 60 1 0.259 1524 860 1918 1071 -1 -1 -1 -1
0 72 11 0.254 276 77 571 1070 -1 -1 -1 -1
0 60 1 0.266 1524 860 1918 1071 -1 -1 -1 -1
0 72 11 0.263 275 75 573 1068 -1 -1 -1 -1
0 60 1 0.264 1524 859 1918 1071 -1 -1 -1 -1
0 72 11 0.256 275 75 572 1067 -1 -1 -1 -1
0 60 1 0.256 1524 860 1918 1071 -1 -1 -1 -1
0 72 11 0.249 275 74 573 1067 -1 -1 -1 -1
0 60 1 0.253 1524 860 1918 1071 -1 -1 -1 -1
0 72 11 0.278 275 74 573 1067 -1 -1 -1 -1
0 60 1 0.262 1524 859 1918 1071 -1 -1 -1 -1
0 72 11 0.274 276 81 566 1073 -1 -1 -1 -1
0 60 1 0.277 1524 859 1918 1071 -1 -1 -1 -1
0 72 11 0.266 275 76 571 1069 -1 -1 -1 -1
0 60 1 0.294 1524 859 1918 1071 -1 -1 -1 -1
0 72 11 0.254 275 72 575 1068 -1 -1 -1 -1
0 60 1 0.285 1524 859 1918 1071 -1 -1 -1 -1
0 72 11 0.274 275 71 575 1067 -1 -1 -1 -1
0 60 1 0.265 1524 859 1918 1071 -1 -1 -1 -1
0 72 11 0.292 275 71 574 1067 -1 -1 -1 -1
0 60 1 0.26 1524 859 1918 1071 -1 -1 -1 -1
0 72 11 0.302 275 71 574 1066 -1 -1 -1 -1
0 60 1 0.246 1524 859 1918 1071 -1 -1 -1 -1
0 72 11 0.306 275 70 574 1066 -1 -1 -1 -1
0 60 1 0.253 1524 859 1918 1071 -1 -1 -1 -1
0 72 11 0.331 275 72 573 1066 -1 -1 -1 -1
0 60 1 0.252 1524 859 1918 1070 -1 -1 -1 -1
0 72 11 0.333 275 73 573 1066 -1 -1 -1 -1
0 60 1 0.244 1524 859 1918 1070 -1 -1 -1 -1
0 72 11 0.322 275 74 574 1066 -1 -1 -1 -1
0 60 1 0.24 1523 859 1918 1070 -1 -1 -1 -1
0 72 11 0.347 275 75 573 1066 -1 -1 -1 -1
0 60 1 0.239 1523 860 1918 1070 -1 -1 -1 -1
0 72 11 0.332 275 75 573 1066 -1 -1 -1 -1
0 60 1 0.24 1523 860 1918 1071 -1 -1 -1 -1
0 72 11 0.347 275 75 571 1067 -1 -1 -1 -1
0 60 1 0.246 1523 860 1918 1071 -1 -1 -1 -1
0 72 11 0.367 275 75 571 1067 -1 -1 -1 -1
0 60 1 0.239 1523 860 1918 1070 -1 -1 -1 -1
0 72 11 0.366 275 74 570 1067 -1 -1 -1 -1
0 60 1 0.235 1523 860 1918 1070 -1 -1 -1 -1
0 72 11 0.335 275 74 571 1067 -1 -1 -1 -1
0 60 1 0.235 1524 860 1918 1070 -1 -1 -1 -1
0 72 11 0.303 275 74 570 1066 -1 -1 -1 -1
0 60 1 0.231 1524 860 1918 1071 -1 -1 -1 -1
0 72 11 0.326 275 75 568 1066 -1 -1 -1 -1
0 60 1 0.233 1524 860 1918 1071 -1 -1 -1 -1
0 72 11 0.32 275 76 568 1066 -1 -1 -1 -1
0 60 1 0.233 1524 860 1918 1071 -1 -1 -1 -1
0 72 11 0.309 275 76 568 1066 -1 -1 -1 -1
0 60 1 0.24 1523 860 1918 1071 -1 -1 -1 -1
0 72 11 0.333 275 76 569 1066 -1 -1 -1 -1
0 60 1 0.237 1523 860 1918 1071 -1 -1 -1 -1
0 72 11 0.324 275 75 568 1066 -1 -1 -1 -1
0 60 1 0.244 1523 860 1918 1071 -1 -1 -1 -1
0 72 11 0.315 275 75 566 1066 -1 -1 -1 -1
0 60 1 0.244 1523 860 1918 1071 -1 -1 -1 -1
0 72 11 0.338 275 75 566 1066 -1 -1 -1 -1
0 60 1 0.244 1523 860 1918 1071 -1 -1 -1 -1
0 72 11 0.355 275 76 566 1066 -1 -1 -1 -1
0 60 1 0.236 1523 860 1918 1071 -1 -1 -1 -1
0 72 11 0.332 275 75 566 1066 -1 -1 -1 -1
0 60 1 0.241 1523 860 1918 1070 -1 -1 -1 -1
0 72 11 0.335 275 75 567 1066 -1 -1 -1 -1
0 60 1 0.251 1523 860 1918 1070 -1 -1 -1 -1
0 72 11 0.305 275 76 568 1066 -1 -1 -1 -1
0 60 1 0.262 1523 860 1918 1070 -1 -1 -1 -1
0 72 11 0.309 276 83 560 1073 -1 -1 -1 -1
0 60 1 0.25 1523 860 1918 1070 -1 -1 -1 -1
0 72 11 0.311 275 79 565 1069 -1 -1 -1 -1
0 60 1 0.238 1523 860 1918 1071 -1 -1 -1 -1
0 72 11 0.279 274 76 567 1067 -1 -1 -1 -1
0 60 1 0.235 1523 860 1918 1070 -1 -1 -1 -1
0 72 11 0.256 274 75 568 1066 -1 -1 -1 -1
0 60 1 0.254 1523 860 1918 1070 -1 -1 -1 -1
0 72 11 0.252 274 75 569 1066 -1 -1 -1 -1
0 60 1 0.268 1523 860 1918 1071 -1 -1 -1 -1
0 72 11 0.257 274 76 569 1066 -1 -1 -1 -1
0 60 1 0.296 1524 860 1918 1069 -1 -1 -1 -1
0 72 11 0.278 275 75 565 1066 -1 -1 -1 -1
0 60 1 0.313 1524 860 1918 1069 -1 -1 -1 -1
0 72 11 0.279 275 76 563 1065 -1 -1 -1 -1
0 60 1 0.325 1524 860 1918 1069 -1 -1 -1 -1
0 72 11 0.298 275 75 561 1065 -1 -1 -1 -1
0 60 1 0.325 1524 860 1918 1069 -1 -1 -1 -1
0 72 11 0.3 275 74 561 1065 -1 -1 -1 -1
0 60 1 0.327 1524 860 1918 1069 -1 -1 -1 -1
0 72 11 0.315 275 73 560 1065 -1 -1 -1 -1
0 60 1 0.322 1524 860 1918 1069 -1 -1 -1 -1
0 72 11 0.329 274 73 560 1065 -1 -1 -1 -1
0 60 1 0.305 1524 860 1918 1069 -1 -1 -1 -1
0 72 11 0.308 275 72 559 1065 -1 -1 -1 -1
0 60 1 0.311 1524 860 1918 1069 -1 -1 -1 -1
0 72 11 0.292 274 71 560 1065 -1 -1 -1 -1
0 60 1 0.295 1524 860 1918 1069 -1 -1 -1 -1
0 72 11 0.318 274 72 560 1065 -1 -1 -1 -1
0 60 1 0.301 1524 860 1918 1069 -1 -1 -1 -1
0 72 11 0.277 275 72 562 1065 -1 -1 -1 -1
0 60 1 0.297 1524 860 1918 1069 -1 -1 -1 -1
0 72 11 0.266 275 71 562 1065 -1 -1 -1 -1
0 60 1 0.279 1524 860 1918 1069 -1 -1 -1 -1
0 72 11 0.276 275 71 561 1065 -1 -1 -1 -1
0 60 1 0.282 1524 860 1918 1070 -1 -1 -1 -1
0 72 11 0.273 275 71 560 1065 -1 -1 -1 -1
0 60 1 0.277 1524 860 1918 1070 -1 -1 -1 -1
0 72 11 0.244 275 72 561 1065 -1 -1 -1 -1
0 60 1 0.27 1523 860 1918 1070 -1 -1 -1 -1
0 72 11 0.255 275 73 560 1066 -1 -1 -1 -1
0 60 1 0.292 1523 860 1918 1070 -1 -1 -1 -1
0 72 11 0.256 275 73 559 1065 -1 -1 -1 -1
0 60 1 0.281 1523 860 1918 1070 -1 -1 -1 -1
0 72 11 0.242 275 73 558 1065 -1 -1 -1 -1
0 60 1 0.285 1523 860 1918 1070 -1 -1 -1 -1
0 72 11 0.256 275 73 558 1065 -1 -1 -1 -1
0 60 1 0.275 1523 860 1918 1070 -1 -1 -1 -1
0 72 11 0.287 275 74 559 1065 -1 -1 -1 -1
0 60 1 0.291 1523 860 1918 1070 -1 -1 -1 -1
0 72 11 0.283 275 75 560 1065 -1 -1 -1 -1
0 60 1 0.288 1523 860 1918 1070 -1 -1 -1 -1
0 72 11 0.278 275 76 560 1065 -1 -1 -1 -1
0 60 1 0.279 1523 860 1918 1070 -1 -1 -1 -1
0 72 11 0.265 275 75 562 1065 -1 -1 -1 -1
0 60 1 0.263 1523 860 1918 1070 -1 -1 -1 -1
0 72 11 0.286 275 76 563 1065 -1 -1 -1 -1
0 60 1 0.261 1523 860 1918 1070 -1 -1 -1 -1
0 72 11 0.3 275 75 563 1065 -1 -1 -1 -1
0 60 1 0.26 1523 860 1918 1070 -1 -1 -1 -1
0 72 11 0.283 275 75 564 1065 -1 -1 -1 -1
0 60 1 0.247 1524 860 1918 1070 -1 -1 -1 -1
0 72 11 0.276 275 75 566 1066 -1 -1 -1 -1
0 60 1 0.249 1524 860 1918 1070 -1 -1 -1 -1
0 72 11 0.254 275 75 567 1066 -1 -1 -1 -1
0 60 1 0.246 1524 860 1918 1070 -1 -1 -1 -1
0 72 11 0.276 275 74 566 1066 -1 -1 -1 -1
0 60 1 0.25 1524 860 1918 1070 -1 -1 -1 -1
0 72 11 0.258 275 74 566 1066 -1 -1 -1 -1
0 60 1 0.245 1523 860 1918 1070 -1 -1 -1 -1
0 72 11 0.243 275 73 566 1066 -1 -1 -1 -1
0 60 1 0.24 1523 860 1918 1070 -1 -1 -1 -1
0 72 11 0.242 275 73 566 1066 -1 -1 -1 -1
0 60 1 0.249 1524 859 1918 1070 -1 -1 -1 -1
0 72 11 0.255 275 73 564 1065 -1 -1 -1 -1
0 60 1 0.259 1523 859 1918 1070 -1 -1 -1 -1
0 72 11 0.239 275 73 561 1065 -1 -1 -1 -1
0 60 1 0.239 1524 859 1918 1070 -1 -1 -1 -1
0 72 11 0.234 275 72 561 1065 -1 -1 -1 -1
0 60 1 0.25 1524 859 1918 1070 -1 -1 -1 -1
0 72 11 0.235 275 72 561 1066 -1 -1 -1 -1
0 60 1 0.253 1523 859 1918 1070 -1 -1 -1 -1
0 72 11 0.237 275 73 562 1066 -1 -1 -1 -1
0 60 1 0.25 1523 859 1918 1070 -1 -1 -1 -1
0 72 11 0.236 275 74 560 1066 -1 -1 -1 -1
0 60 1 0.25 1523 860 1918 1070 -1 -1 -1 -1
0 72 11 0.22 275 74 560 1066 -1 -1 -1 -1
0 60 1 0.255 1523 859 1918 1070 -1 -1 -1 -1
0 72 11 0.222 275 75 562 1066 -1 -1 -1 -1
0 60 1 0.25 1524 860 1918 1070 -1 -1 -1 -1
0 72 11 0.221 275 75 562 1066 -1 -1 -1 -1
0 60 1 0.237 1524 860 1918 1070 -1 -1 -1 -1
0 72 11 0.228 275 75 562 1066 -1 -1 -1 -1
0 60 1 0.227 1524 859 1918 1070 -1 -1 -1 -1
0 72 11 0.239 275 76 560 1066 -1 -1 -1 -1
0 60 1 0.227 1524 860 1918 1070 -1 -1 -1 -1
0 72 11 0.238 275 76 558 1066 -1 -1 -1 -1
0 60 1 0.237 1524 859 1918 1071 -1 -1 -1 -1
0 72 11 0.222 275 75 558 1066 -1 -1 -1 -1
0 60 1 0.236 1523 859 1918 1071 -1 -1 -1 -1
0 72 11 0.204 275 74 560 1066 -1 -1 -1 -1
0 60 1 0.241 1523 859 1918 1071 -1 -1 -1 -1
0 72 11 0.218 275 74 561 1066 -1 -1 -1 -1
0 60 1 0.233 1523 859 1918 1070 -1 -1 -1 -1
0 72 11 0.211 275 74 561 1066 -1 -1 -1 -1
0 60 1 0.221 1523 859 1918 1071 -1 -1 -1 -1
0 72 11 0.197 275 74 563 1066 -1 -1 -1 -1
0 60 1 0.234 1523 859 1918 1070 -1 -1 -1 -1
0 72 11 0.196 275 73 564 1066 -1 -1 -1 -1
0 60 1 0.243 1523 859 1918 1070 -1 -1 -1 -1
0 72 11 0.21 275 74 563 1066 -1 -1 -1 -1
0 60 1 0.245 1524 859 1918 1070 -1 -1 -1 -1
0 72 11 0.221 275 74 563 1066 -1 -1 -1 -1
0 60 1 0.24 1524 859 1918 1070 -1 -1 -1 -1
0 72 11 0.217 276 82 553 1072 -1 -1 -1 -1
0 60 1 0.234 1524 859 1918 1070 -1 -1 -1 -1
0 72 11 0.191 276 85 549 1074 -1 -1 -1 -1
0 60 1 0.238 1524 859 1918 1070 -1 -1 -1 -1
0 72 11 0.207 276 87 546 1075 -1 -1 -1 -1
0 60 1 0.228 1524 859 1918 1070 -1 -1 -1 -1
0 72 11 0.223 276 87 546 1075 -1 -1 -1 -1
0 60 1 0.232 1524 859 1918 1070 -1 -1 -1 -1
0 72 11 0.223 276 86 546 1075 -1 -1 -1 -1
0 60 1 0.217 1524 859 1918 1070 -1 -1 -1 -1
0 72 11 0.219 276 86 546 1075 -1 -1 -1 -1
0 60 1 0.217 1524 859 1918 1070 -1 -1 -1 -1
0 72 11 0.232 276 85 546 1075 -1 -1 -1 -1
0 60 1 0.222 1523 859 1918 1070 -1 -1 -1 -1
0 72 11 0.215 276 85 546 1076 -1 -1 -1 -1
0 60 1 0.222 1523 859 1918 1070 -1 -1 -1 -1
0 72 11 0.197 275 76 555 1069 -1 -1 -1 -1
0 60 1 0.285 1523 859 1918 1070 -1 -1 -1 -1
0 72 11 0.241 276 81 552 1074 -1 -1 -1 -1
0 60 1 0.281 1523 859 1918 1070 -1 -1 -1 -1
0 72 11 0.251 276 83 551 1075 -1 -1 -1 -1
0 60 1 0.283 1523 859 1918 1070 -1 -1 -1 -1
0 72 11 0.265 276 84 551 1076 -1 -1 -1 -1
0 60 1 0.27 1523 859 1918 1070 -1 -1 -1 -1
0 72 11 0.266 276 85 551 1076 -1 -1 -1 -1
0 60 1 0.284 1523 859 1918 1070 -1 -1 -1 -1
0 72 11 0.256 276 77 562 1070 -1 -1 -1 -1
0 60 1 0.266 1523 859 1918 1070 -1 -1 -1 -1
0 72 11 0.236 276 74 567 1067 -1 -1 -1 -1
0 60 1 0.286 1523 859 1918 1070 -1 -1 -1 -1
0 72 11 0.233 276 73 570 1067 -1 -1 -1 -1
0 60 1 0.29 1523 859 1918 1070 -1 -1 -1 -1
0 72 11 0.255 276 73 570 1066 -1 -1 -1 -1
0 60 1 0.299 1523 859 1918 1070 -1 -1 -1 -1
0 72 11 0.252 276 73 572 1066 -1 -1 -1 -1
0 60 1 0.315 1523 859 1918 1070 -1 -1 -1 -1
0 72 11 0.243 276 72 572 1066 -1 -1 -1 -1
0 60 1 0.308 1523 859 1918 1070 -1 -1 -1 -1
0 72 11 0.221 276 73 572 1066 -1 -1 -1 -1
0 60 1 0.312 1523 859 1918 1070 -1 -1 -1 -1
0 72 11 0.201 275 72 573 1066 -1 -1 -1 -1
0 60 1 0.31 1523 859 1918 1070 -1 -1 -1 -1
0 72 11 0.215 276 72 572 1066 -1 -1 -1 -1
0 60 1 0.292 1523 860 1918 1070 -1 -1 -1 -1
0 72 11 0.225 275 71 570 1067 -1 -1 -1 -1
0 60 1 0.284 1523 860 1918 1070 -1 -1 -1 -1
0 72 11 0.243 275 70 569 1067 -1 -1 -1 -1
0 60 1 0.271 1523 860 1918 1070 -1 -1 -1 -1
0 72 11 0.191 275 71 568 1067 -1 -1 -1 -1
0 60 1 0.274 1524 860 1918 1070 -1 -1 -1 -1
0 72 11 0.206 275 72 567 1067 -1 -1 -1 -1
0 60 1 0.272 1524 860 1918 1070 -1 -1 -1 -1
0 72 11 0.213 276 72 567 1067 -1 -1 -1 -1
0 60 1 0.281 1524 860 1918 1070 -1 -1 -1 -1
0 72 11 0.209 276 81 557 1073 -1 -1 -1 -1
0 60 1 0.269 1524 860 1918 1070 -1 -1 -1 -1
0 72 11 0.212 276 75 561 1069 -1 -1 -1 -1
0 60 1 0.278 1524 860 1918 1070 -1 -1 -1 -1
0 72 11 0.195 275 72 563 1067 -1 -1 -1 -1
0 60 1 0.27 1524 860 1918 1070 -1 -1 -1 -1
0 72 11 0.185 275 69 568 1067 -1 -1 -1 -1
0 60 1 0.267 1524 860 1918 1070 -1 -1 -1 -1
0 72 11 0.196 275 69 569 1066 -1 -1 -1 -1
0 60 1 0.269 1523 860 1918 1070 -1 -1 -1 -1
0 72 11 0.222 275 68 570 1066 -1 -1 -1 -1
0 60 1 0.274 1524 860 1918 1070 -1 -1 -1 -1
0 72 11 0.198 275 67 571 1066 -1 -1 -1 -1
0 60 1 0.28 1523 860 1918 1070 -1 -1 -1 -1
0 72 11 0.194 275 67 570 1067 -1 -1 -1 -1
0 60 1 0.28 1524 860 1918 1070 -1 -1 -1 -1
0 72 11 0.201 275 68 571 1066 -1 -1 -1 -1
0 60 1 0.277 1523 860 1918 1070 -1 -1 -1 -1
0 72 11 0.212 275 67 571 1066 -1 -1 -1 -1
0 60 1 0.282 1523 860 1918 1070 -1 -1 -1 -1
0 72 11 0.176 275 67 570 1066 -1 -1 -1 -1
0 60 1 0.281 1523 860 1918 1070 -1 -1 -1 -1
0 72 11 0.186 275 69 570 1066 -1 -1 -1 -1
0 60 1 0.287 1523 860 1918 1070 -1 -1 -1 -1
0 72 11 0.192 275 67 572 1066 -1 -1 -1 -1
0 60 1 0.281 1523 860 1918 1070 -1 -1 -1 -1
0 72 11 0.2 275 68 570 1066 -1 -1 -1 -1
0 60 1 0.283 1523 860 1918 1070 -1 -1 -1 -1
0 72 11 0.2 275 69 570 1066 -1 -1 -1 -1
0 60 1 0.282 1524 860 1918 1070 -1 -1 -1 -1
0 72 11 0.204 275 69 570 1066 -1 -1 -1 -1
0 60 1 0.289 1524 860 1918 1070 -1 -1 -1 -1
0 72 11 0.207 275 68 571 1067 -1 -1 -1 -1
0 60 1 0.274 1524 860 1918 1071 -1 -1 -1 -1
0 72 11 0.211 275 71 571 1066 -1 -1 -1 -1
0 60 1 0.287 1524 860 1918 1071 -1 -1 -1 -1
0 72 11 0.254 275 73 571 1066 -1 -1 -1 -1
0 60 1 0.302 1523 860 1918 1070 -1 -1 -1 -1
0 72 11 0.233 276 73 571 1066 -1 -1 -1 -1
0 60 1 0.314 1523 860 1918 1070 -1 -1 -1 -1
0 72 11 0.207 276 82 562 1073 -1 -1 -1 -1
0 60 1 0.311 1523 860 1918 1070 -1 -1 -1 -1
0 72 11 0.217 276 77 565 1069 -1 -1 -1 -1
0 60 1 0.312 1523 860 1918 1071 -1 -1 -1 -1
0 72 11 0.207 276 75 568 1067 -1 -1 -1 -1
0 60 1 0.306 1523 860 1918 1070 -1 -1 -1 -1
0 72 11 0.212 275 72 568 1067 -1 -1 -1 -1
0 60 1 0.286 1523 860 1918 1070 -1 -1 -1 -1
0 72 11 0.226 276 80 557 1074 -1 -1 -1 -1
0 60 1 0.286 1523 860 1918 1070 -1 -1 -1 -1
0 72 11 0.27 276 84 551 1076 -1 -1 -1 -1
0 60 1 0.275 1523 860 1918 1071 -1 -1 -1 -1
0 72 11 0.262 276 85 550 1076 -1 -1 -1 -1
0 60 1 0.283 1524 859 1918 1071 -1 -1 -1 -1
0 72 11 0.249 276 85 551 1076 -1 -1 -1 -1
0 60 1 0.269 1523 859 1918 1071 -1 -1 -1 -1
0 72 11 0.23 276 84 552 1076 -1 -1 -1 -1
0 60 1 0.255 1523 859 1918 1071 -1 -1 -1 -1
0 72 11 0.223 276 84 553 1076 -1 -1 -1 -1
0 60 1 0.264 1523 859 1918 1071 -1 -1 -1 -1
0 72 11 0.235 276 84 553 1075 -1 -1 -1 -1
0 60 1 0.262 1523 859 1918 1071 -1 -1 -1 -1
0 72 11 0.226 276 83 553 1076 -1 -1 -1 -1
0 60 1 0.273 1523 859 1918 1071 -1 -1 -1 -1
0 72 11 0.269 276 83 553 1075 -1 -1 -1 -1
0 60 1 0.281 1523 859 1918 1071 -1 -1 -1 -1
0 72 11 0.238 276 83 553 1075 -1 -1 -1 -1
0 60 1 0.283 1523 859 1918 1070 -1 -1 -1 -1
0 72 11 0.24 276 82 554 1075 -1 -1 -1 -1
0 60 1 0.273 1523 859 1918 1070 -1 -1 -1 -1
0 72 11 0.215 276 83 554 1075 -1 -1 -1 -1
0 60 1 0.264 1523 860 1918 1070 -1 -1 -1 -1
0 72 11 0.187 275 75 562 1069 -1 -1 -1 -1
0 60 1 0.258 1523 860 1918 1070 -1 -1 -1 -1
0 72 11 0.18 275 70 564 1067 -1 -1 -1 -1
0 60 1 0.253 1523 860 1918 1071 -1 -1 -1 -1
0 72 11 0.2 275 69 564 1066 -1 -1 -1 -1
0 60 1 0.245 1523 860 1918 1071 -1 -1 -1 -1
0 72 11 0.203 275 69 565 1066 -1 -1 -1 -1
0 60 1 0.236 1523 860 1918 1071 -1 -1 -1 -1
0 72 11 0.209 275 69 565 1066 -1 -1 -1 -1
0 60 1 0.242 1524 860 1918 1071 -1 -1 -1 -1
0 72 11 0.233 276 77 558 1072 -1 -1 -1 -1
0 60 1 0.292 1523 860 1918 1070 -1 -1 -1 -1
0 72 11 0.32 276 74 560 1067 -1 -1 -1 -1
0 60 1 0.3 1523 860 1918 1070 -1 -1 -1 -1
0 72 11 0.294 276 72 562 1066 -1 -1 -1 -1
0 60 1 0.285 1523 860 1918 1070 -1 -1 -1 -1
0 72 11 0.317 275 72 563 1065 -1 -1 -1 -1
0 60 1 0.284 1523 860 1918 1070 -1 -1 -1 -1
0 72 11 0.304 275 71 564 1065 -1 -1 -1 -1
0 60 1 0.296 1523 860 1918 1070 -1 -1 -1 -1
0 72 11 0.291 275 72 566 1065 -1 -1 -1 -1
0 60 1 0.302 1523 860 1918 1070 -1 -1 -1 -1
0 72 11 0.309 275 72 566 1065 -1 -1 -1 -1
0 60 1 0.312 1523 860 1918 1070 -1 -1 -1 -1
0 72 11 0.286 275 71 565 1065 -1 -1 -1 -1
0 60 1 0.319 1523 860 1918 1070 -1 -1 -1 -1
0 72 11 0.288 275 73 566 1065 -1 -1 -1 -1
0 60 1 0.321 1523 860 1918 1069 -1 -1 -1 -1
0 72 11 0.281 275 72 567 1065 -1 -1 -1 -1
0 60 1 0.294 1523 860 1918 1070 -1 -1 -1 -1
0 72 11 0.248 275 72 568 1066 -1 -1 -1 -1
0 60 1 0.301 1523 860 1918 1070 -1 -1 -1 -1
0 72 11 0.244 275 72 568 1066 -1 -1 -1 -1
0 60 1 0.304 1523 860 1918 1070 -1 -1 -1 -1
0 72 11 0.277 275 72 568 1066 -1 -1 -1 -1
0 60 1 0.313 1523 860 1918 1070 -1 -1 -1 -1
0 72 11 0.281 275 73 569 1066 -1 -1 -1 -1
0 60 1 0.315 1523 860 1918 1070 -1 -1 -1 -1
0 72 11 0.317 275 74 568 1066 -1 -1 -1 -1
0 60 1 0.328 1523 860 1918 1070 -1 -1 -1 -1
0 72 11 0.317 275 74 567 1066 -1 -1 -1 -1
0 60 1 0.315 1523 860 1918 1070 -1 -1 -1 -1
0 72 11 0.318 275 74 565 1066 -1 -1 -1 -1
0 60 1 0.312 1523 860 1918 1070 -1 -1 -1 -1
0 72 11 0.311 275 74 564 1066 -1 -1 -1 -1
0 60 1 0.319 1523 860 1918 1070 -1 -1 -1 -1
0 72 11 0.318 275 74 564 1066 -1 -1 -1 -1
0 60 1 0.315 1523 860 1918 1070 -1 -1 -1 -1
0 72 11 0.308 275 74 563 1066 -1 -1 -1 -1
0 60 1 0.301 1523 860 1918 1070 -1 -1 -1 -1
0 72 11 0.314 275 74 563 1066 -1 -1 -1 -1
0 60 1 0.282 1523 860 1918 1070 -1 -1 -1 -1
0 72 11 0.346 275 74 564 1066 -1 -1 -1 -1
0 60 1 0.277 1523 860 1918 1070 -1 -1 -1 -1
0 72 11 0.326 275 74 565 1066 -1 -1 -1 -1
0 60 1 0.294 1523 860 1918 1070 -1 -1 -1 -1
0 72 11 0.356 275 75 566 1066 -1 -1 -1 -1
0 60 1 0.307 1523 860 1918 1070 -1 -1 -1 -1
0 72 11 0.335 275 74 567 1066 -1 -1 -1 -1
0 60 1 0.308 1523 860 1918 1070 -1 -1 -1 -1
0 72 11 0.328 275 74 568 1066 -1 -1 -1 -1
0 60 1 0.317 1523 860 1918 1070 -1 -1 -1 -1
0 72 11 0.317 275 74 568 1066 -1 -1 -1 -1
0 60 1 0.303 1523 860 1918 1070 -1 -1 -1 -1
0 72 11 0.312 275 74 568 1066 -1 -1 -1 -1
0 60 1 0.302 1523 860 1918 1070 -1 -1 -1 -1
0 72 11 0.303 276 74 568 1066 -1 -1 -1 -1
0 60 1 0.293 1523 861 1918 1070 -1 -1 -1 -1
0 72 11 0.29 276 73 568 1066 -1 -1 -1 -1
0 60 1 0.296 1523 861 1918 1070 -1 -1 -1 -1
0 72 11 0.312 275 74 568 1066 -1 -1 -1 -1
0 60 1 0.313 1523 861 1918 1070 -1 -1 -1 -1
0 72 11 0.308 275 73 568 1066 -1 -1 -1 -1
0 60 1 0.292 1523 861 1918 1070 -1 -1 -1 -1
0 72 11 0.325 275 73 568 1066 -1 -1 -1 -1
0 60 1 0.295 1523 861 1918 1070 -1 -1 -1 -1
0 72 11 0.31 275 72 569 1066 -1 -1 -1 -1
0 60 1 0.295 1523 861 1918 1070 -1 -1 -1 -1
0 72 11 0.272 276 72 570 1066 -1 -1 -1 -1
0 60 1 0.302 1523 861 1918 1070 -1 -1 -1 -1
0 72 11 0.309 276 72 570 1066 -1 -1 -1 -1
0 60 1 0.31 1523 861 1918 1070 -1 -1 -1 -1
0 72 11 0.306 276 73 570 1066 -1 -1 -1 -1
0 60 1 0.302 1523 861 1918 1070 -1 -1 -1 -1
0 72 11 0.272 276 73 569 1066 -1 -1 -1 -1
0 60 1 0.295 1523 861 1918 1070 -1 -1 -1 -1
0 72 11 0.283 276 74 568 1066 -1 -1 -1 -1
0 60 1 0.281 1523 860 1918 1070 -1 -1 -1 -1
0 72 11 0.299 276 75 567 1066 -1 -1 -1 -1
0 60 1 0.293 1523 860 1918 1070 -1 -1 -1 -1
0 72 11 0.298 276 74 567 1066 -1 -1 -1 -1
0 60 1 0.27 1523 860 1918 1070 -1 -1 -1 -1
0 72 11 0.298 275 74 567 1066 -1 -1 -1 -1
0 60 1 0.258 1523 860 1918 1070 -1 -1 -1 -1
0 72 11 0.283 275 74 569 1066 -1 -1 -1 -1
0 60 1 0.25 1523 860 1918 1070 -1 -1 -1 -1
0 72 11 0.309 275 74 571 1066 -1 -1 -1 -1
0 60 1 0.255 1523 860 1918 1070 -1 -1 -1 -1
0 72 11 0.294 275 73 573 1066 -1 -1 -1 -1
0 60 1 0.265 1523 860 1918 1070 -1 -1 -1 -1
0 72 11 0.278 275 73 573 1066 -1 -1 -1 -1
0 60 1 0.255 1523 860 1918 1070 -1 -1 -1 -1
0 72 11 0.292 275 73 573 1066 -1 -1 -1 -1
0 60 1 0.259 1523 860 1918 1070 -1 -1 -1 -1
0 72 11 0.325 275 74 572 1066 -1 -1 -1 -1
0 60 1 0.266 1523 860 1918 1070 -1 -1 -1 -1
0 72 11 0.335 276 74 573 1066 -1 -1 -1 -1
0 60 1 0.256 1523 860 1918 1070 -1 -1 -1 -1
0 72 11 0.346 276 74 569 1066 -1 -1 -1 -1
0 60 1 0.268 1523 860 1918 1071 -1 -1 -1 -1
0 72 11 0.332 276 74 568 1066 -1 -1 -1 -1
0 60 1 0.274 1523 860 1918 1071 -1 -1 -1 -1
0 72 11 0.32 276 72 568 1066 -1 -1 -1 -1
0 60 1 0.282 1523 860 1918 1070 -1 -1 -1 -1
0 72 11 0.298 275 71 569 1066 -1 -1 -1 -1
0 60 1 0.27 1523 860 1918 1070 -1 -1 -1 -1
0 72 11 0.297 275 71 570 1066 -1 -1 -1 -1
0 60 1 0.247 1523 860 1918 1070 -1 -1 -1 -1
0 72 11 0.275 275 72 569 1066 -1 -1 -1 -1
0 60 1 0.261 1523 860 1918 1070 -1 -1 -1 -1
0 72 11 0.272 275 72 566 1066 -1 -1 -1 -1
0 60 1 0.276 1523 860 1918 1070 -1 -1 -1 -1
0 72 11 0.273 276 73 566 1066 -1 -1 -1 -1
0 60 1 0.284 1523 860 1918 1070 -1 -1 -1 -1
0 72 11 0.257 275 73 565 1066 -1 -1 -1 -1
0 60 1 0.297 1523 860 1918 1070 -1 -1 -1 -1
0 72 11 0.246 275 73 567 1066 -1 -1 -1 -1
0 60 1 0.301 1523 860 1918 1070 -1 -1 -1 -1
0 72 11 0.233 275 73 568 1066 -1 -1 -1 -1
0 60 1 0.296 1523 860 1918 1070 -1 -1 -1 -1
0 72 11 0.257 275 74 569 1066 -1 -1 -1 -1
0 60 1 0.297 1524 860 1918 1070 -1 -1 -1 -1
0 72 11 0.237 275 71 571 1066 -1 -1 -1 -1
0 60 1 0.315 1524 860 1918 1070 -1 -1 -1 -1
0 72 11 0.236 275 69 570 1066 -1 -1 -1 -1
0 60 1 0.313 1524 860 1918 1070 -1 -1 -1 -1
0 72 11 0.204 275 68 571 1067 -1 -1 -1 -1
0 60 1 0.295 1524 860 1918 1070 -1 -1 -1 -1
0 72 11 0.217 275 66 571 1067 -1 -1 -1 -1
0 60 1 0.304 1524 859 1918 1069 -1 -1 -1 -1
0 72 11 0.253 275 67 571 1066 -1 -1 -1 -1
0 60 1 0.314 1524 859 1918 1070 -1 -1 -1 -1
0 72 11 0.277 275 68 569 1066 -1 -1 -1 -1
0 60 1 0.295 1524 859 1918 1070 -1 -1 -1 -1
0 72 11 0.263 275 67 567 1066 -1 -1 -1 -1
0 60 1 0.295 1524 859 1918 1070 -1 -1 -1 -1
0 72 11 0.241 275 67 566 1066 -1 -1 -1 -1
0 60 1 0.303 1524 859 1918 1070 -1 -1 -1 -1
0 72 11 0.247 275 67 567 1066 -1 -1 -1 -1
0 60 1 0.289 1524 859 1918 1070 -1 -1 -1 -1
0 72 11 0.228 275 64 569 1066 -1 -1 -1 -1
0 60 1 0.273 1524 859 1918 1070 -1 -1 -1 -1
0 72 11 0.197 275 63 570 1066 -1 -1 -1 -1
0 60 1 0.273 1524 859 1918 1070 -1 -1 -1 -1
0 72 11 0.18 275 62 571 1066 -1 -1 -1 -1
0 60 1 0.273 1524 860 1918 1070 -1 -1 -1 -1
0 72 11 0.182 275 62 569 1066 -1 -1 -1 -1
0 60 1 0.27 1524 859 1918 1070 -1 -1 -1 -1
0 72 11 0.175 275 64 569 1066 -1 -1 -1 -1
0 60 1 0.277 1524 859 1918 1070 -1 -1 -1 -1
0 72 11 0.197 275 66 569 1066 -1 -1 -1 -1
0 60 1 0.281 1524 859 1918 1070 -1 -1 -1 -1
0 72 11 0.2 275 66 568 1066 -1 -1 -1 -1
0 60 1 0.284 1524 859 1918 1070 -1 -1 -1 -1
0 72 11 0.198 274 67 568 1066 -1 -1 -1 -1
0 60 1 0.285 1524 859 1918 1070 -1 -1 -1 -1
0 72 11 0.198 274 68 569 1066 -1 -1 -1 -1
0 60 1 0.274 1524 859 1918 1071 -1 -1 -1 -1
0 72 11 0.215 275 67 571 1067 -1 -1 -1 -1
0 60 1 0.276 1524 859 1918 1070 -1 -1 -1 -1
0 72 11 0.191 275 65 570 1067 -1 -1 -1 -1
0 60 1 0.281 1524 859 1918 1070 -1 -1 -1 -1
0 72 11 0.194 275 66 569 1067 -1 -1 -1 -1
0 60 1 0.286 1524 859 1918 1070 -1 -1 -1 -1
0 72 11 0.208 275 66 570 1067 -1 -1 -1 -1
0 60 1 0.278 1523 859 1918 1070 -1 -1 -1 -1
0 72 11 0.191 275 66 569 1066 -1 -1 -1 -1
0 60 1 0.267 1523 859 1918 1070 -1 -1 -1 -1
0 72 11 0.211 275 66 568 1067 -1 -1 -1 -1
0 60 1 0.257 1523 860 1918 1070 -1 -1 -1 -1
0 72 11 0.205 275 66 568 1066 -1 -1 -1 -1
0 60 1 0.27 1524 859 1918 1070 -1 -1 -1 -1
0 72 11 0.187 275 65 567 1066 -1 -1 -1 -1
0 60 1 0.257 1524 860 1918 1070 -1 -1 -1 -1
0 72 11 0.191 275 65 567 1066 -1 -1 -1 -1
0 60 1 0.244 1524 860 1918 1071 -1 -1 -1 -1
0 72 11 0.164 275 64 567 1066 -1 -1 -1 -1
0 60 1 0.236 1524 860 1918 1071 -1 -1 -1 -1
0 72 11 0.181 275 67 569 1066 -1 -1 -1 -1
0 60 1 0.238 1524 860 1918 1070 -1 -1 -1 -1
0 72 11 0.181 275 66 570 1066 -1 -1 -1 -1
0 60 1 0.252 1524 860 1918 1070 -1 -1 -1 -1
0 72 11 0.192 275 67 569 1066 -1 -1 -1 -1
0 60 1 0.254 1524 860 1918 1070 -1 -1 -1 -1
0 72 11 0.19 275 65 568 1066 -1 -1 -1 -1
0 60 1 0.252 1524 860 1918 1070 -1 -1 -1 -1
0 72 11 0.186 275 66 567 1066 -1 -1 -1 -1
0 60 1 0.24 1524 860 1918 1070 -1 -1 -1 -1
0 72 11 0.166 275 66 568 1066 -1 -1 -1 -1
0 60 1 0.246 1524 860 1918 1070 -1 -1 -1 -1
0 72 11 0.178 275 67 571 1066 -1 -1 -1 -1
0 60 1 0.246 1524 860 1918 1070 -1 -1 -1 -1
0 72 11 0.19 275 68 570 1066 -1 -1 -1 -1
0 60 1 0.24 1524 860 1918 1070 -1 -1 -1 -1
0 72 11 0.181 275 69 570 1066 -1 -1 -1 -1
0 60 1 0.247 1524 860 1918 1070 -1 -1 -1 -1
0 72 11 0.186 275 68 568 1066 -1 -1 -1 -1
0 60 1 0.257 1524 860 1918 1070 -1 -1 -1 -1
0 72 11 0.179 275 67 567 1066 -1 -1 -1 -1
0 60 1 0.254 1524 860 1918 1071 -1 -1 -1 -1
0 72 11 0.185 275 68 565 1066 -1 -1 -1 -1
0 60 1 0.248 1524 859 1918 1070 -1 -1 -1 -1
0 72 11 0.228 275 70 564 1066 -1 -1 -1 -1
0 60 1 0.274 1524 859 1918 1070 -1 -1 -1 -1
0 72 11 0.206 275 69 564 1066 -1 -1 -1 -1
0 60 1 0.269 1524 859 1918 1071 -1 -1 -1 -1
0 72 11 0.224 275 68 563 1066 -1 -1 -1 -1
0 60 1 0.279 1524 859 1918 1070 -1 -1 -1 -1
0 72 11 0.239 275 69 562 1066 -1 -1 -1 -1
0 60 1 0.282 1524 859 1918 1070 -1 -1 -1 -1
0 72 11 0.222 275 68 563 1066 -1 -1 -1 -1
0 60 1 0.285 1524 859 1918 1070 -1 -1 -1 -1
0 72 11 0.208 275 68 563 1066 -1 -1 -1 -1
0 60 1 0.268 1524 859 1918 1070 -1 -1 -1 -1
0 72 11 0.233 275 69 563 1066 -1 -1 -1 -1
0 60 1 0.27 1524 859 1918 1070 -1 -1 -1 -1
0 72 11 0.231 275 68 563 1066 -1 -1 -1 -1
0 60 1 0.276 1524 859 1918 1070 -1 -1 -1 -1
0 72 11 0.257 275 69 562 1066 -1 -1 -1 -1
0 60 1 0.269 1524 859 1918 1070 -1 -1 -1 -1
0 72 11 0.245 275 68 563 1066 -1 -1 -1 -1
0 60 1 0.272 1524 859 1918 1070 -1 -1 -1 -1
0 72 11 0.236 275 68 566 1066 -1 -1 -1 -1
0 60 1 0.283 1524 859 1918 1070 -1 -1 -1 -1
0 72 11 0.22 275 67 568 1066 -1 -1 -1 -1
0 60 1 0.279 1524 859 1918 1070 -1 -1 -1 -1
0 72 11 0.229 275 65 570 1066 -1 -1 -1 -1
0 60 1 0.276 1524 859 1918 1070 -1 -1 -1 -1
0 72 11 0.223 275 64 571 1066 -1 -1 -1 -1
0 60 1 0.273 1524 859 1918 1070 -1 -1 -1 -1
0 72 11 0.22 275 64 571 1067 -1 -1 -1 -1
0 60 1 0.29 1524 859 1918 1070 -1 -1 -1 -1
0 72 11 0.22 274 65 570 1066 -1 -1 -1 -1
0 60 1 0.273 1524 859 1918 1071 -1 -1 -1 -1
0 72 11 0.207 275 66 568 1067 -1 -1 -1 -1
0 60 1 0.283 1524 859 1918 1070 -1 -1 -1 -1
0 72 11 0.195 275 67 568 1067 -1 -1 -1 -1
0 60 1 0.285 1524 859 1918 1070 -1 -1 -1 -1
0 72 11 0.21 275 68 569 1067 -1 -1 -1 -1
0 60 1 0.27 1524 859 1918 1070 -1 -1 -1 -1
0 72 11 0.22 275 68 570 1067 -1 -1 -1 -1
0 60 1 0.305 1524 859 1918 1070 -1 -1 -1 -1
0 72 11 0.258 275 72 567 1066 -1 -1 -1 -1
0 60 1 0.31 1524 860 1918 1070 -1 -1 -1 -1
0 72 11 0.261 275 73 565 1066 -1 -1 -1 -1
0 60 1 0.312 1524 860 1918 1069 -1 -1 -1 -1
0 72 11 0.301 275 74 563 1066 -1 -1 -1 -1
0 60 1 0.304 1524 859 1918 1070 -1 -1 -1 -1
0 72 11 0.321 275 74 563 1066 -1 -1 -1 -1
0 60 1 0.322 1524 859 1918 1069 -1 -1 -1 -1
0 72 11 0.312 276 82 553 1073 -1 -1 -1 -1
0 60 1 0.314 1524 859 1918 1069 -1 -1 -1 -1
0 72 11 0.29 276 85 549 1076 -1 -1 -1 -1
0 60 1 0.322 1524 860 1918 1070 -1 -1 -1 -1
0 72 11 0.266 276 85 548 1077 -1 -1 -1 -1
0 60 1 0.311 1524 859 1918 1070 -1 -1 -1 -1
0 72 11 0.279 276 86 548 1077 -1 -1 -1 -1
0 60 1 0.306 1524 860 1918 1069 -1 -1 -1 -1
0 72 11 0.306 276 78 559 1070 -1 -1 -1 -1
0 60 1 0.302 1524 860 1918 1069 -1 -1 -1 -1
0 72 11 0.312 275 74 563 1068 -1 -1 -1 -1
0 60 1 0.305 1524 860 1918 1069 -1 -1 -1 -1
0 72 11 0.302 275 72 565 1067 -1 -1 -1 -1
0 60 1 0.319 1524 860 1918 1069 -1 -1 -1 -1
0 72 11 0.31 275 71 566 1066 -1 -1 -1 -1
0 60 1 0.308 1524 860 1918 1069 -1 -1 -1 -1
0 72 11 0.323 275 70 567 1066 -1 -1 -1 -1
0 60 1 0.338 1524 859 1918 1069 -1 -1 -1 -1
0 72 11 0.323 275 68 567 1066 -1 -1 -1 -1
0 60 1 0.347 1524 859 1918 1069 -1 -1 -1 -1
0 72 11 0.292 275 67 568 1066 -1 -1 -1 -1
0 60 1 0.347 1524 859 1918 1069 -1 -1 -1 -1
0 72 11 0.302 275 66 569 1066 -1 -1 -1 -1
0 60 1 0.36 1524 859 1918 1069 -1 -1 -1 -1
0 72 11 0.285 275 67 569 1066 -1 -1 -1 -1
0 60 1 0.365 1524 859 1918 1069 -1 -1 -1 -1
0 72 11 0.279 275 65 569 1066 -1 -1 -1 -1
0 60 1 0.357 1524 859 1918 1069 -1 -1 -1 -1
0 72 11 0.276 275 64 569 1066 -1 -1 -1 -1
0 60 1 0.332 1524 859 1918 1069 -1 -1 -1 -1
0 72 11 0.286 275 64 568 1066 -1 -1 -1 -1
0 60 1 0.334 1524 860 1918 1069 -1 -1 -1 -1
0 72 11 0.303 274 65 569 1066 -1 -1 -1 -1
0 60 1 0.311 1524 860 1918 1069 -1 -1 -1 -1
0 72 11 0.319 274 65 568 1066 -1 -1 -1 -1
0 60 1 0.31 1524 859 1918 1069 -1 -1 -1 -1
0 72 11 0.307 274 63 569 1066 -1 -1 -1 -1
0 60 1 0.311 1524 859 1918 1069 -1 -1 -1 -1
0 72 11 0.291 274 64 568 1066 -1 -1 -1 -1
0 60 1 0.311 1524 859 1918 1069 -1 -1 -1 -1
0 72 11 0.33 274 66 567 1066 -1 -1 -1 -1
0 60 1 0.308 1524 859 1918 1069 -1 -1 -1 -1
0 72 11 0.325 274 69 566 1066 -1 -1 -1 -1
0 60 1 0.32 1524 859 1918 1069 -1 -1 -1 -1
0 72 11 0.318 275 70 563 1066 -1 -1 -1 -1
0 60 1 0.329 1524 859 1918 1069 -1 -1 -1 -1
0 72 11 0.334 275 70 561 1066 -1 -1 -1 -1
0 60 1 0.327 1524 859 1918 1069 -1 -1 -1 -1
0 72 11 0.329 275 71 562 1066 -1 -1 -1 -1
0 60 1 0.302 1524 859 1918 1069 -1 -1 -1 -1
0 72 11 0.326 275 70 564 1066 -1 -1 -1 -1
0 60 1 0.301 1524 859 1918 1069 -1 -1 -1 -1
0 72 11 0.293 275 70 564 1066 -1 -1 -1 -1
0 60 1 0.281 1524 859 1918 1070 -1 -1 -1 -1
0 72 11 0.278 275 70 564 1066 -1 -1 -1 -1
0 60 1 0.29 1524 859 1918 1069 -1 -1 -1 -1
0 72 11 0.29 275 71 564 1066 -1 -1 -1 -1
0 60 1 0.296 1524 859 1918 1069 -1 -1 -1 -1
0 72 11 0.296 275 71 564 1066 -1 -1 -1 -1
0 60 1 0.301 1524 860 1918 1070 -1 -1 -1 -1
0 72 11 0.269 275 71 564 1066 -1 -1 -1 -1
0 60 1 0.293 1524 860 1918 1070 -1 -1 -1 -1
0 72 11 0.247 275 71 563 1066 -1 -1 -1 -1
0 60 1 0.292 1524 860 1918 1070 -1 -1 -1 -1
0 72 11 0.234 275 69 563 1066 -1 -1 -1 -1
0 60 1 0.284 1524 860 1918 1070 -1 -1 -1 -1
0 72 11 0.248 275 68 564 1066 -1 -1 -1 -1
0 60 1 0.284 1524 860 1918 1070 -1 -1 -1 -1
0 72 11 0.234 275 68 566 1067 -1 -1 -1 -1
0 60 1 0.277 1524 860 1918 1070 -1 -1 -1 -1
0 72 11 0.235 275 67 566 1067 -1 -1 -1 -1
0 60 1 0.273 1524 860 1918 1070 -1 -1 -1 -1
0 72 11 0.243 275 69 565 1067 -1 -1 -1 -1
0 60 1 0.267 1524 860 1918 1070 -1 -1 -1 -1
0 72 11 0.267 275 69 563 1066 -1 -1 -1 -1
0 60 1 0.268 1524 860 1918 1070 -1 -1 -1 -1
0 72 11 0.247 275 69 564 1066 -1 -1 -1 -1
0 60 1 0.258 1524 860 1918 1070 -1 -1 -1 -1
0 72 11 0.236 275 68 564 1066 -1 -1 -1 -1
0 60 1 0.27 1524 859 1918 1070 -1 -1 -1 -1
0 72 11 0.278 275 68 565 1066 -1 -1 -1 -1
0 60 1 0.258 1524 859 1918 1070 -1 -1 -1 -1
0 72 11 0.273 275 69 564 1066 -1 -1 -1 -1
0 60 1 0.262 1524 859 1918 1070 -1 -1 -1 -1
0 72 11 0.272 275 69 564 1066 -1 -1 -1 -1
0 60 1 0.269 1524 859 1918 1070 -1 -1 -1 -1
0 72 11 0.258 275 69 564 1066 -1 -1 -1 -1
0 60 1 0.264 1524 859 1918 1070 -1 -1 -1 -1
0 72 11 0.253 275 69 564 1066 -1 -1 -1 -1
0 60 1 0.266 1524 859 1918 1070 -1 -1 -1 -1
0 72 11 0.272 275 69 564 1066 -1 -1 -1 -1
0 60 1 0.296 1524 860 1918 1069 -1 -1 -1 -1
0 72 11 0.253 275 68 564 1066 -1 -1 -1 -1
0 60 1 0.322 1524 859 1918 1069 -1 -1 -1 -1
0 72 11 0.273 275 67 564 1066 -1 -1 -1 -1
0 60 1 0.331 1524 859 1918 1069 -1 -1 -1 -1
0 72 11 0.268 275 68 565 1066 -1 -1 -1 -1
0 60 1 0.302 1524 859 1918 1069 -1 -1 -1 -1
0 72 11 0.286 275 69 564 1066 -1 -1 -1 -1
0 60 1 0.296 1524 859 1918 1069 -1 -1 -1 -1
0 72 11 0.281 275 69 565 1066 -1 -1 -1 -1
0 60 1 0.278 1524 859 1918 1070 -1 -1 -1 -1
0 72 11 0.268 275 68 566 1066 -1 -1 -1 -1
0 60 1 0.274 1524 859 1918 1070 -1 -1 -1 -1
0 72 11 0.244 275 65 567 1066 -1 -1 -1 -1
0 60 1 0.267 1524 859 1918 1070 -1 -1 -1 -1
0 72 11 0.227 275 64 568 1066 -1 -1 -1 -1
0 60 1 0.263 1524 859 1918 1070 -1 -1 -1 -1
0 72 11 0.245 275 64 567 1066 -1 -1 -1 -1
0 60 1 0.241 1524 859 1918 1070 -1 -1 -1 -1
0 72 11 0.242 275 65 566 1066 -1 -1 -1 -1
0 60 1 0.295 1524 860 1918 1070 -1 -1 -1 -1
0 72 11 0.242 275 68 563 1065 -1 -1 -1 -1
0 60 1 0.304 1524 860 1918 1070 -1 -1 -1 -1
0 72 11 0.211 275 68 559 1065 -1 -1 -1 -1
0 60 1 0.358 1524 860 1918 1070 -1 -1 -1 -1
0 72 11 0.208 274 78 532 879 -1 -1 -1 -1
0 60 1 0.359 1524 860 1918 1069 -1 -1 -1 -1
0 72 11 0.211 273 88 523 792 -1 -1 -1 -1
0 0 14 0.388 152 550 570 1072 -1 -1 -1 -1
0 60 1 0.349 1524 860 1918 1069 -1 -1 -1 -1
0 72 11 0.207 272 91 521 763 -1 -1 -1 -1
0 0 14 0.603 153 544 569 1073 -1 -1 -1 -1
0 60 1 0.361 1524 860 1918 1069 -1 -1 -1 -1
0 72 11 0.244 274 92 520 751 -1 -1 -1 -1
0 0 14 0.577 154 535 568 1073 -1 -1 -1 -1
0 60 1 0.336 1524 860 1918 1070 -1 -1 -1 -1
0 72 11 0.257 274 92 519 745 -1 -1 -1 -1
0 0 14 0.762 156 526 562 1073 -1 -1 -1 -1
0 60 1 0.331 1524 860 1918 1070 -1 -1 -1 -1
0 72 11 0.244 273 92 520 743 -1 -1 -1 -1
0 0 14 0.715 159 515 558 1073 -1 -1 -1 -1
0 60 1 0.324 1524 860 1918 1070 -1 -1 -1 -1
0 72 11 0.245 273 92 520 740 -1 -1 -1 -1
0 0 14 0.857 159 507 556 1071 -1 -1 -1 -1
0 60 1 0.315 1523 860 1918 1070 -1 -1 -1 -1
0 72 11 0.218 273 92 520 739 -1 -1 -1 -1
0 0 14 0.883 159 501 555 1071 -1 -1 -1 -1
0 60 1 0.307 1523 859 1918 1070 -1 -1 -1 -1
0 72 11 0.211 274 92 519 725 -1 -1 -1 -1
0 0 14 0.911 159 496 554 1071 -1 -1 -1 -1
0 60 1 0.318 1523 859 1918 1070 -1 -1 -1 -1
0 72 11 0.162 274 93 519 713 -1 -1 -1 -1
0 0 14 0.912 159 490 554 1071 -1 -1 -1 -1
0 60 1 0.353 1523 860 1918 1071 -1 -1 -1 -1
0 72 11 0.185 274 93 519 715 -1 -1 -1 -1
0 0 14 0.915 160 484 553 1071 -1 -1 -1 -1
0 60 1 0.353 1523 860 1918 1071 -1 -1 -1 -1
0 72 11 0.191 274 93 519 717 -1 -1 -1 -1
0 0 14 0.899 160 478 546 1071 -1 -1 -1 -1
0 60 1 0.315 1524 860 1918 1071 -1 -1 -1 -1
0 72 11 0.172 274 93 520 747 -1 -1 -1 -1
0 0 14 0.891 157 477 539 1072 -1 -1 -1 -1
0 60 1 0.331 1523 860 1918 1071 -1 -1 -1 -1
0 72 11 0.191 274 93 519 733 -1 -1 -1 -1
0 0 14 0.905 151 478 534 1071 -1 -1 -1 -1
0 60 1 0.319 1523 859 1918 1071 -1 -1 -1 -1
0 72 11 0.186 274 93 519 730 -1 -1 -1 -1
0 0 14 0.503 146 478 531 1071 -1 -1 -1 -1
0 60 1 0.324 1523 859 1918 1071 -1 -1 -1 -1
0 72 11 0.132 275 92 520 767 -1 -1 -1 -1
0 0 14 0.688 141 477 529 1071 -1 -1 -1 -1
0 60 1 0.331 1523 859 1918 1071 -1 -1 -1 -1
0 72 11 0.11 276 92 520 789 -1 -1 -1 -1
0 0 14 0.89 136 480 520 1071 -1 -1 -1 -1
0 60 1 0.312 1523 859 1918 1070 -1 -1 -1 -1
0 72 11 0.145 276 92 520 799 -1 -1 -1 -1
0 0 14 0.894 130 480 504 1073 -1 -1 -1 -1
0 60 1 0.328 1523 859 1918 1070 -1 -1 -1 -1
0 72 11 0.125 276 93 519 762 -1 -1 -1 -1
0 0 14 0.834 119 483 492 1073 -1 -1 -1 -1
0 60 1 0.334 1523 859 1918 1071 -1 -1 -1 -1
0 72 11 0.128 279 76 521 953 -1 -1 -1 -1
0 0 14 0.815 112 482 482 1076 -1 -1 -1 -1
0 60 1 0.321 1523 859 1918 1070 -1 -1 -1 -1
0 72 11 0.163 280 72 524 1022 -1 -1 -1 -1
0 0 14 0.534 102 485 382 1075 -1 -1 -1 -1
0 60 1 0.337 1522 859 1918 1070 -1 -1 -1 -1
0 72 11 0.111 276 76 524 1050 -1 -1 -1 -1
0 0 14 0.596 95 476 329 1075 -1 -1 -1 -1
0 60 1 0.322 1523 859 1918 1070 -1 -1 -1 -1
0 72 11 0.118 277 75 524 1067 -1 -1 -1 -1
0 0 14 0.487 88 453 306 1074 -1 -1 -1 -1
0 60 1 0.325 1523 859 1918 1070 -1 -1 -1 -1
0 72 11 0.148 277 77 525 1074 -1 -1 -1 -1
0 0 14 0.503 81 441 288 1072 -1 -1 -1 -1
0 60 1 0.32 1523 859 1918 1070 -1 -1 -1 -1
0 72 11 0.121 277 76 525 1077 -1 -1 -1 -1
0 0 14 0.479 71 433 384 1073 -1 -1 -1 -1
0 60 1 0.326 1523 859 1918 1070 -1 -1 -1 -1
0 72 11 0.146 277 76 525 1075 -1 -1 -1 -1
0 0 14 0.847 59 433 415 1073 -1 -1 -1 -1
0 60 1 0.337 1522 859 1918 1071 -1 -1 -1 -1
0 72 11 0.171 276 77 527 1075 -1 -1 -1 -1
0 0 14 0.848 50 432 422 1073 -1 -1 -1 -1
0 60 1 0.325 1523 859 1918 1071 -1 -1 -1 -1
0 72 11 0.193 275 77 528 1076 -1 -1 -1 -1
0 0 14 0.87 41 434 427 1072 -1 -1 -1 -1
0 60 1 0.355 1523 859 1918 1071 -1 -1 -1 -1
0 72 11 0.12 277 68 536 1074 -1 -1 -1 -1
0 0 14 0.907 34 432 429 1072 -1 -1 -1 -1
0 60 1 0.333 1523 859 1918 1070 -1 -1 -1 -1
0 72 11 0.11 277 61 537 1073 -1 -1 -1 -1
0 0 14 0.896 27 431 420 1073 -1 -1 -1 -1
0 60 1 0.324 1523 860 1918 1071 -1 -1 -1 -1
0 72 11 0.142 279 62 535 1073 -1 -1 -1 -1
0 0 14 0.899 19 432 403 1073 -1 -1 -1 -1
0 60 1 0.319 1523 860 1918 1070 -1 -1 -1 -1
0 72 11 0.123 279 62 534 1073 -1 -1 -1 -1
0 0 14 0.904 12 433 380 1072 -1 -1 -1 -1
0 60 1 0.304 1523 860 1918 1071 -1 -1 -1 -1
0 72 11 0.141 277 72 530 1070 -1 -1 -1 -1
0 0 14 0.925 4 431 368 1072 -1 -1 -1 -1
0 60 1 0.302 1523 860 1918 1071 -1 -1 -1 -1
0 72 11 0.133 276 76 529 1069 -1 -1 -1 -1
0 0 14 0.933 1 432 359 1071 -1 -1 -1 -1
0 60 1 0.289 1523 860 1918 1071 -1 -1 -1 -1
0 72 11 0.215 277 81 532 1074 -1 -1 -1 -1
0 0 14 0.94 0 432 354 1071 -1 -1 -1 -1
0 60 1 0.317 1523 860 1918 1071 -1 -1 -1 -1
0 72 11 0.205 278 83 534 1076 -1 -1 -1 -1
0 0 14 0.927 0 433 349 1072 -1 -1 -1 -1
0 60 1 0.321 1523 860 1918 1071 -1 -1 -1 -1
0 72 11 0.258 278 84 535 1077 -1 -1 -1 -1
0 0 14 0.935 0 433 346 1073 -1 -1 -1 -1
0 60 1 0.307 1523 860 1918 1071 -1 -1 -1 -1
0 72 11 0.243 278 83 537 1077 -1 -1 -1 -1
0 0 14 0.911 0 432 343 1074 -1 -1 -1 -1
0 60 1 0.292 1523 860 1918 1071 -1 -1 -1 -1
0 72 11 0.211 277 82 533 1071 -1 -1 -1 -1
0 0 14 0.901 0 433 341 1074 -1 -1 -1 -1
0 60 1 0.267 1523 860 1918 1071 -1 -1 -1 -1
0 72 11 0.242 277 83 531 1069 -1 -1 -1 -1
0 0 14 0.89 2 431 340 1074 -1 -1 -1 -1
0 60 1 0.275 1523 860 1918 1071 -1 -1 -1 -1
0 72 11 0.222 277 82 531 1071 -1 -1 -1 -1
0 0 14 0.917 5 431 339 1074 -1 -1 -1 -1
0 60 1 0.254 1523 860 1918 1071 -1 -1 -1 -1
0 72 11 0.172 277 81 531 1069 -1 -1 -1 -1
0 0 14 0.908 10 431 338 1074 -1 -1 -1 -1
0 60 1 0.254 1523 860 1918 1071 -1 -1 -1 -1
0 72 11 0.233 277 81 531 1069 -1 -1 -1 -1
0 0 14 0.92 13 425 339 1074 -1 -1 -1 -1
0 60 1 0.244 1524 860 1918 1071 -1 -1 -1 -1
0 72 11 0.243 277 82 532 1070 -1 -1 -1 -1
0 0 14 0.897 15 415 341 1073 -1 -1 -1 -1
0 60 1 0.279 1524 859 1918 1071 -1 -1 -1 -1
0 72 11 0.294 276 83 531 1069 -1 -1 -1 -1
0 0 14 0.835 15 413 342 1074 -1 -1 -1 -1
0 60 1 0.278 1524 859 1918 1071 -1 -1 -1 -1
0 72 11 0.229 276 82 532 1066 -1 -1 -1 -1
0 0 14 0.571 17 404 339 1075 -1 -1 -1 -1
0 60 1 0.286 1524 860 1918 1071 -1 -1 -1 -1
0 72 11 0.287 276 82 532 1066 -1 -1 -1 -1
0 0 14 0.575 18 401 339 1075 -1 -1 -1 -1
0 60 1 0.295 1523 860 1918 1071 -1 -1 -1 -1
0 72 11 0.232 275 80 533 1066 -1 -1 -1 -1
0 0 14 0.467 15 405 384 1074 -1 -1 -1 -1
0 60 1 0.292 1523 860 1918 1071 -1 -1 -1 -1
0 72 11 0.237 276 80 532 1064 -1 -1 -1 -1
0 0 14 0.824 14 398 363 1074 -1 -1 -1 -1
0 60 1 0.272 1523 859 1918 1071 -1 -1 -1 -1
0 72 11 0.206 276 80 532 1064 -1 -1 -1 -1
0 0 14 0.812 11 396 347 1074 -1 -1 -1 -1
0 60 1 0.273 1523 859 1918 1071 -1 -1 -1 -1
0 72 11 0.19 276 79 532 1065 -1 -1 -1 -1
0 0 14 0.784 6 392 334 1073 -1 -1 -1 -1
0 60 1 0.282 1523 860 1918 1071 -1 -1 -1 -1
0 72 11 0.237 276 80 532 1066 -1 -1 -1 -1
0 0 14 0.811 3 388 327 1073 -1 -1 -1 -1
0 60 1 0.289 1523 860 1918 1071 -1 -1 -1 -1
0 72 11 0.273 275 79 531 1065 -1 -1 -1 -1
0 0 14 0.829 0 388 324 1074 -1 -1 -1 -1
0 60 1 0.281 1523 860 1918 1071 -1 -1 -1 -1
0 72 11 0.254 276 79 530 1064 -1 -1 -1 -1
0 0 14 0.897 0 390 319 1073 -1 -1 -1 -1
0 60 1 0.301 1523 860 1918 1071 -1 -1 -1 -1
0 72 11 0.331 276 82 536 1071 -1 -1 -1 -1
0 0 14 0.892 0 390 314 1074 -1 -1 -1 -1
0 60 1 0.31 1523 860 1918 1071 -1 -1 -1 -1
0 72 11 0.463 276 85 536 1075 -1 -1 -1 -1
0 0 14 0.873 0 391 315 1073 -1 -1 -1 -1
0 60 1 0.314 1523 859 1918 1070 -1 -1 -1 -1
0 72 11 0.343 276 85 537 1076 -1 -1 -1 -1
0 0 14 0.852 0 391 317 1070 -1 -1 -1 -1
0 60 1 0.305 1523 860 1918 1070 -1 -1 -1 -1
0 72 11 0.452 276 86 535 1078 -1 -1 -1 -1
0 0 14 0.905 0 392 318 1071 -1 -1 -1 -1
0 60 1 0.319 1523 860 1918 1070 -1 -1 -1 -1
0 72 11 0.343 276 86 536 1077 -1 -1 -1 -1
0 0 14 0.881 0 391 314 1072 -1 -1 -1 -1
0 60 1 0.312 1523 860 1918 1070 -1 -1 -1 -1
0 72 11 0.437 276 86 537 1075 -1 -1 -1 -1
0 0 14 0.887 0 390 308 1071 -1 -1 -1 -1
