0 0 1 0.934 2014 928 2451 1943 -1 -1 -1 -1
0 0 2 0.927 602 941 912 1894 -1 -1 -1 -1
0 0 3 0.925 1190 1027 1567 1907 -1 -1 -1 -1
0 0 4 0.917 1670 1004 2040 1908 -1 -1 -1 -1
0 0 5 0.911 986 942 1324 1872 -1 -1 -1 -1
0 0 6 0.888 2507 1007 2813 1970 -1 -1 -1 -1
0 0 1 0.933 2012 926 2457 1941 -1 -1 -1 -1
0 0 2 0.93 600 941 910 1893 -1 -1 -1 -1
0 0 3 0.921 1190 1028 1568 1907 -1 -1 -1 -1
0 0 4 0.914 1670 998 2041 1907 -1 -1 -1 -1
0 0 5 0.905 978 941 1323 1869 -1 -1 -1 -1
0 0 6 0.886 2506 1006 2814 1967 -1 -1 -1 -1
0 0 1 0.927 2007 923 2465 1939 -1 -1 -1 -1
0 0 2 0.919 599 939 910 1892 -1 -1 -1 -1
0 0 3 0.912 1192 1020 1577 1899 -1 -1 -1 -1
0 0 4 0.911 1671 991 2041 1906 -1 -1 -1 -1
0 0 5 0.904 970 940 1321 1874 -1 -1 -1 -1
0 0 6 0.876 2506 1004 2818 1964 -1 -1 -1 -1
0 0 1 0.924 2004 923 2468 1940 -1 -1 -1 -1
0 0 2 0.912 598 939 910 1889 -1 -1 -1 -1
0 0 3 0.913 1198 1016 1581 1897 -1 -1 -1 -1
0 0 4 0.91 1671 984 2041 1904 -1 -1 -1 -1
0 0 5 0.898 965 938 1319 1876 -1 -1 -1 -1
0 0 6 0.886 2505 1004 2820 1965 -1 -1 -1 -1
0 0 1 0.922 2006 922 2471 1937 -1 -1 -1 -1
0 0 2 0.928 601 938 911 1888 -1 -1 -1 -1
0 0 3 0.907 1206 1013 1589 1886 -1 -1 -1 -1
0 0 4 0.907 1673 974 2038 1899 -1 -1 -1 -1
0 0 5 0.893 965 938 1317 1873 -1 -1 -1 -1
0 0 6 0.884 2506 1002 2824 1958 -1 -1 -1 -1
0 0 1 0.911 2002 923 2477 1936 -1 -1 -1 -1
0 0 2 0.926 602 936 913 1889 -1 -1 -1 -1
0 0 3 0.892 1216 1004 1596 1883 -1 -1 -1 -1
0 0 4 0.909 1673 963 2035 1897 -1 -1 -1 -1
0 0 5 0.909 964 938 1316 1872 -1 -1 -1 -1
0 0 6 0.872 2511 1000 2831 1971 -1 -1 -1 -1
0 0 1 0.906 1995 919 2473 1933 -1 -1 -1 -1
0 0 2 0.928 601 936 912 1886 -1 -1 -1 -1
0 0 3 0.896 1224 999 1597 1886 -1 -1 -1 -1
0 0 4 0.911 1673 958 2029 1896 -1 -1 -1 -1
0 0 5 0.911 963 939 1313 1871 -1 -1 -1 -1
0 0 6 0.875 2512 999 2835 1975 -1 -1 -1 -1
0 0 1 0.914 2007 916 2473 1934 -1 -1 -1 -1
0 0 2 0.926 602 935 912 1883 -1 -1 -1 -1
0 0 3 0.891 1223 993 1600 1899 -1 -1 -1 -1
0 0 4 0.91 1677 950 2019 1889 -1 -1 -1 -1
0 0 5 0.906 964 939 1314 1868 -1 -1 -1 -1
0 0 6 0.871 2512 997 2844 1976 -1 -1 -1 -1
0 0 1 0.921 2016 916 2470 1933 -1 -1 -1 -1
0 0 2 0.925 602 936 911 1885 -1 -1 -1 -1
0 0 3 0.894 1226 987 1601 1903 -1 -1 -1 -1
0 0 4 0.911 1677 946 2014 1886 -1 -1 -1 -1
0 0 5 0.9 965 938 1314 1868 -1 -1 -1 -1
0 0 6 0.866 2515 994 2844 1980 -1 -1 -1 -1
0 0 1 0.918 2029 915 2460 1926 -1 -1 -1 -1
0 0 2 0.924 603 934 912 1882 -1 -1 -1 -1
0 0 3 0.906 1229 982 1596 1901 -1 -1 -1 -1
0 0 4 0.91 1679 942 2012 1886 -1 -1 -1 -1
0 0 5 0.897 968 937 1313 1869 -1 -1 -1 -1
0 0 6 0.877 2518 993 2844 1985 -1 -1 -1 -1
0 0 1 0.921 2040 915 2450 1924 -1 -1 -1 -1
0 0 2 0.914 604 933 913 1880 -1 -1 -1 -1
0 0 3 0.913 1235 977 1590 1899 -1 -1 -1 -1
0 0 4 0.902 1679 939 2012 1887 -1 -1 -1 -1
0 0 5 0.904 971 937 1311 1875 -1 -1 -1 -1
0 0 6 0.886 2519 993 2847 1992 -1 -1 -1 -1
0 0 8 0.545 2782 1289 2913 1705 -1 -1 -1 -1
0 0 1 0.922 2050 915 2442 1922 -1 -1 -1 -1
0 0 2 0.915 603 931 913 1878 -1 -1 -1 -1
0 0 3 0.91 1243 970 1586 1899 -1 -1 -1 -1
0 0 4 0.907 1678 938 2012 1892 -1 -1 -1 -1
0 0 5 0.908 974 937 1310 1875 -1 -1 -1 -1
0 0 6 0.892 2520 992 2845 1994 -1 -1 -1 -1
0 0 8 0.648 2778 1290 2926 1703 -1 -1 -1 -1
0 0 1 0.907 2059 914 2435 1919 -1 -1 -1 -1
0 0 2 0.91 603 927 914 1873 -1 -1 -1 -1
0 0 3 0.913 1249 971 1585 1885 -1 -1 -1 -1
0 0 4 0.899 1676 938 2015 1894 -1 -1 -1 -1
0 0 5 0.904 978 934 1311 1877 -1 -1 -1 -1
0 0 6 0.892 2521 989 2851 1998 -1 -1 -1 -1
0 0 8 0.698 2793 1287 2938 1705 -1 -1 -1 -1
0 0 1 0.903 2066 914 2433 1918 -1 -1 -1 -1
0 0 2 0.912 604 923 915 1870 -1 -1 -1 -1
0 0 3 0.911 1255 970 1583 1865 -1 -1 -1 -1
0 0 4 0.879 1671 938 2014 1894 -1 -1 -1 -1
0 0 5 0.902 983 930 1313 1871 -1 -1 -1 -1
0 0 6 0.878 2522 988 2855 1996 -1 -1 -1 -1
0 0 8 0.674 2804 1283 2943 1699 -1 -1 -1 -1
0 0 1 0.898 2077 912 2434 1915 -1 -1 -1 -1
0 0 2 0.915 603 916 916 1868 -1 -1 -1 -1
0 0 3 0.889 1265 966 1584 1858 -1 -1 -1 -1
0 0 4 0.873 1655 940 2009 1893 -1 -1 -1 -1
0 0 5 0.889 992 924 1315 1867 -1 -1 -1 -1
0 0 6 0.886 2521 984 2865 1990 -1 -1 -1 -1
0 0 8 0.676 2831 1279 2955 1693 -1 -1 -1 -1
0 0 1 0.89 2090 909 2435 1917 -1 -1 -1 -1
0 0 2 0.924 602 905 919 1871 -1 -1 -1 -1
0 0 3 0.891 1273 961 1583 1851 -1 -1 -1 -1
0 0 4 0.887 1648 941 2004 1894 -1 -1 -1 -1
0 0 5 0.896 1000 914 1314 1867 -1 -1 -1 -1
0 0 6 0.889 2525 981 2883 1984 -1 -1 -1 -1
0 0 8 0.482 2850 1275 2968 1693 -1 -1 -1 -1
0 0 1 0.895 2095 911 2435 1912 -1 -1 -1 -1
0 0 2 0.924 599 899 921 1873 -1 -1 -1 -1
0 0 3 0.885 1274 960 1580 1851 -1 -1 -1 -1
0 0 4 0.883 1645 940 2002 1891 -1 -1 -1 -1
0 0 5 0.891 1005 905 1312 1867 -1 -1 -1 -1
0 0 6 0.886 2525 979 2892 1982 -1 -1 -1 -1
0 0 8 0.463 2859 1272 2976 1692 -1 -1 -1 -1
0 0 1 0.89 2103 909 2436 1913 -1 -1 -1 -1
0 0 2 0.922 597 892 924 1873 -1 -1 -1 -1
0 0 3 0.865 1276 958 1574 1849 -1 -1 -1 -1
0 0 4 0.9 1640 942 1995 1896 -1 -1 -1 -1
0 0 5 0.882 1010 896 1312 1862 -1 -1 -1 -1
0 0 6 0.865 2529 977 2908 1983 -1 -1 -1 -1
0 0 8 0.369 2869 1270 2989 1690 -1 -1 -1 -1
0 0 1 0.892 2108 909 2436 1912 -1 -1 -1 -1
0 0 2 0.923 592 887 926 1871 -1 -1 -1 -1
0 0 3 0.864 1277 957 1568 1852 -1 -1 -1 -1
0 0 4 0.901 1637 943 1991 1895 -1 -1 -1 -1
0 0 5 0.88 1011 887 1312 1863 -1 -1 -1 -1
0 0 6 0.873 2530 974 2915 1986 -1 -1 -1 -1
0 0 8 0.371 2871 1269 2997 1684 -1 -1 -1 -1
0 0 1 0.883 2111 910 2435 1915 -1 -1 -1 -1
0 0 2 0.92 587 880 929 1866 -1 -1 -1 -1
0 0 3 0.858 1278 955 1564 1857 -1 -1 -1 -1
0 0 4 0.899 1643 945 1987 1896 -1 -1 -1 -1
0 0 5 0.891 1016 876 1317 1860 -1 -1 -1 -1
0 0 6 0.863 2532 969 2942 1987 -1 -1 -1 -1
0 0 8 0.346 2899 1261 3019 1681 -1 -1 -1 -1
0 0 1 0.862 2112 911 2430 1921 -1 -1 -1 -1
0 0 2 0.922 582 875 929 1861 -1 -1 -1 -1
0 0 3 0.831 1277 954 1559 1856 -1 -1 -1 -1
0 0 4 0.912 1650 944 1987 1893 -1 -1 -1 -1
0 0 5 0.898 1018 866 1322 1856 -1 -1 -1 -1
0 0 6 0.91 2535 966 2953 1987 -1 -1 -1 -1
0 0 8 0.559 2882 1255 3044 1682 -1 -1 -1 -1
0 0 1 0.848 2110 912 2425 1926 -1 -1 -1 -1
0 0 2 0.92 578 873 929 1859 -1 -1 -1 -1
0 0 3 0.818 1268 954 1556 1878 -1 -1 -1 -1
0 0 4 0.91 1649 942 1986 1892 -1 -1 -1 -1
0 0 5 0.892 1018 862 1325 1854 -1 -1 -1 -1
0 0 6 0.923 2537 964 2969 1985 -1 -1 -1 -1
0 0 8 0.605 2880 1254 3062 1683 -1 -1 -1 -1
0 0 1 0.852 2098 911 2423 1929 -1 -1 -1 -1
0 0 2 0.916 578 870 929 1856 -1 -1 -1 -1
0 0 3 0.826 1255 954 1552 1890 -1 -1 -1 -1
0 0 4 0.916 1644 936 1987 1894 -1 -1 -1 -1
0 0 5 0.891 1015 858 1323 1855 -1 -1 -1 -1
0 0 6 0.916 2542 963 2991 1986 -1 -1 -1 -1
0 0 8 0.683 2871 1253 3087 1685 -1 -1 -1 -1
0 0 1 0.849 2093 910 2419 1932 -1 -1 -1 -1
0 0 2 0.914 575 867 928 1855 -1 -1 -1 -1
0 0 3 0.826 1248 957 1549 1896 -1 -1 -1 -1
0 0 4 0.907 1638 932 1986 1894 -1 -1 -1 -1
0 0 5 0.89 1011 856 1320 1854 -1 -1 -1 -1
0 0 6 0.918 2546 962 2998 1989 -1 -1 -1 -1
0 0 8 0.635 2871 1249 3103 1685 -1 -1 -1 -1
0 0 1 0.869 2095 908 2416 1936 -1 -1 -1 -1
0 0 2 0.915 574 863 929 1854 -1 -1 -1 -1
0 0 3 0.817 1259 960 1545 1894 -1 -1 -1 -1
0 0 4 0.899 1630 929 1987 1895 -1 -1 -1 -1
0 0 5 0.885 1008 859 1317 1856 -1 -1 -1 -1
0 0 6 0.905 2553 960 3013 1988 -1 -1 -1 -1
0 0 8 0.782 2888 1240 3113 1683 -1 -1 -1 -1
0 0 1 0.875 2091 906 2411 1933 -1 -1 -1 -1
0 0 2 0.903 571 864 928 1849 -1 -1 -1 -1
0 0 3 0.857 1264 962 1542 1879 -1 -1 -1 -1
0 0 4 0.903 1620 922 1987 1887 -1 -1 -1 -1
0 0 5 0.864 999 863 1308 1859 -1 -1 -1 -1
0 0 6 0.895 2567 957 3018 1981 -1 -1 -1 -1
0 0 8 0.768 2905 1234 3120 1682 -1 -1 -1 -1
0 0 1 0.879 2087 903 2406 1933 -1 -1 -1 -1
0 0 2 0.905 568 865 927 1846 -1 -1 -1 -1
0 0 3 0.867 1263 964 1538 1869 -1 -1 -1 -1
0 0 4 0.905 1612 915 1992 1884 -1 -1 -1 -1
0 0 5 0.849 990 867 1302 1864 -1 -1 -1 -1
0 0 6 0.902 2574 955 3022 1978 -1 -1 -1 -1
0 0 8 0.619 2915 1231 3116 1682 -1 -1 -1 -1
0 0 1 0.892 2083 903 2407 1929 -1 -1 -1 -1
0 0 2 0.914 567 865 926 1846 -1 -1 -1 -1
0 0 3 0.872 1254 962 1535 1885 -1 -1 -1 -1
0 0 4 0.904 1605 907 2001 1882 -1 -1 -1 -1
0 0 5 0.875 973 871 1299 1863 -1 -1 -1 -1
0 0 6 0.906 2585 955 3023 1976 -1 -1 -1 -1
0 0 8 0.625 2924 1236 3121 1679 -1 -1 -1 -1
0 0 1 0.897 2081 902 2406 1928 -1 -1 -1 -1
0 0 2 0.914 567 866 926 1847 -1 -1 -1 -1
0 0 3 0.877 1248 960 1532 1892 -1 -1 -1 -1
0 0 4 0.903 1602 902 2006 1884 -1 -1 -1 -1
0 0 5 0.883 951 875 1298 1865 -1 -1 -1 -1
0 0 6 0.905 2596 957 3012 1978 -1 -1 -1 -1
0 0 8 0.604 2925 1231 3086 1678 -1 -1 -1 -1
0 0 1 0.907 2077 899 2408 1930 -1 -1 -1 -1
0 0 2 0.914 566 869 928 1857 -1 -1 -1 -1
0 0 3 0.869 1239 956 1532 1897 -1 -1 -1 -1
0 0 4 0.918 1601 898 2010 1882 -1 -1 -1 -1
0 0 5 0.892 932 881 1300 1873 -1 -1 -1 -1
0 0 6 0.911 2612 956 3002 1992 -1 -1 -1 -1
0 0 8 0.638 2941 1233 3114 1677 -1 -1 -1 -1
0 0 1 0.912 2068 893 2410 1930 -1 -1 -1 -1
0 0 2 0.918 561 871 928 1863 -1 -1 -1 -1
0 0 3 0.886 1214 951 1532 1898 -1 -1 -1 -1
0 0 4 0.925 1600 892 2009 1880 -1 -1 -1 -1
0 0 5 0.892 926 881 1301 1877 -1 -1 -1 -1
0 0 6 0.903 2623 959 2987 1996 -1 -1 -1 -1
0 0 8 0.722 2951 1231 3133 1680 -1 -1 -1 -1
0 0 1 0.914 2059 888 2410 1932 -1 -1 -1 -1
0 0 2 0.915 558 873 927 1867 -1 -1 -1 -1
0 0 3 0.892 1200 949 1530 1895 -1 -1 -1 -1
0 0 4 0.923 1596 889 2006 1880 -1 -1 -1 -1
0 0 5 0.889 923 880 1302 1880 -1 -1 -1 -1
0 0 6 0.9 2628 962 2980 1999 -1 -1 -1 -1
0 0 8 0.759 2955 1233 3155 1682 -1 -1 -1 -1
0 0 1 0.926 2048 881 2413 1929 -1 -1 -1 -1
0 0 2 0.895 556 872 922 1870 -1 -1 -1 -1
0 0 3 0.91 1185 938 1529 1885 -1 -1 -1 -1
0 0 4 0.916 1592 884 2002 1882 -1 -1 -1 -1
0 0 5 0.844 914 883 1306 1886 -1 -1 -1 -1
0 0 6 0.892 2634 962 2976 2009 -1 -1 -1 -1
0 0 8 0.779 2957 1234 3181 1678 -1 -1 -1 -1
0 0 1 0.926 2039 877 2415 1928 -1 -1 -1 -1
0 0 2 0.888 561 868 917 1874 -1 -1 -1 -1
0 0 3 0.909 1167 932 1528 1880 -1 -1 -1 -1
0 0 4 0.912 1589 881 2000 1885 -1 -1 -1 -1
0 0 5 0.818 910 887 1311 1881 -1 -1 -1 -1
0 0 6 0.892 2639 964 2975 2019 -1 -1 -1 -1
0 0 8 0.801 2957 1234 3195 1675 -1 -1 -1 -1
0 0 1 0.926 2029 870 2416 1925 -1 -1 -1 -1
0 0 2 0.881 560 864 911 1872 -1 -1 -1 -1
0 0 3 0.892 1135 927 1529 1861 -1 -1 -1 -1
0 0 4 0.909 1585 877 1995 1883 -1 -1 -1 -1
0 0 5 0.842 899 882 1308 1877 -1 -1 -1 -1
0 0 6 0.893 2645 963 2976 2025 -1 -1 -1 -1
0 0 8 0.84 2961 1229 3205 1671 -1 -1 -1 -1
0 0 1 0.927 2014 864 2417 1926 -1 -1 -1 -1
0 0 2 0.89 561 858 905 1869 -1 -1 -1 -1
0 0 3 0.898 1110 920 1530 1872 -1 -1 -1 -1
0 0 4 0.897 1583 876 1989 1887 -1 -1 -1 -1
0 0 5 0.838 890 878 1303 1870 -1 -1 -1 -1
0 0 6 0.901 2649 965 2976 2028 -1 -1 -1 -1
0 0 8 0.868 2959 1227 3209 1670 -1 -1 -1 -1
0 0 1 0.926 2006 861 2417 1926 -1 -1 -1 -1
0 0 2 0.897 560 854 900 1866 -1 -1 -1 -1
0 0 3 0.904 1094 915 1530 1876 -1 -1 -1 -1
0 0 4 0.895 1583 878 1986 1883 -1 -1 -1 -1
0 0 5 0.868 883 871 1288 1865 -1 -1 -1 -1
0 0 6 0.903 2651 967 2977 2033 -1 -1 -1 -1
0 0 8 0.868 2960 1226 3212 1669 -1 -1 -1 -1
0 0 1 0.931 2003 855 2421 1924 -1 -1 -1 -1
0 0 2 0.898 556 845 899 1861 -1 -1 -1 -1
0 0 3 0.905 1077 909 1539 1872 -1 -1 -1 -1
0 0 4 0.894 1583 878 1982 1877 -1 -1 -1 -1
0 0 5 0.865 876 868 1283 1857 -1 -1 -1 -1
0 0 6 0.908 2652 964 2985 2019 -1 -1 -1 -1
0 0 8 0.864 2975 1222 3226 1668 -1 -1 -1 -1
0 0 1 0.929 2001 851 2422 1924 -1 -1 -1 -1
0 0 2 0.903 552 837 896 1861 -1 -1 -1 -1
0 0 3 0.884 1069 905 1544 1871 -1 -1 -1 -1
0 0 4 0.89 1582 880 1979 1877 -1 -1 -1 -1
0 0 5 0.873 864 861 1280 1852 -1 -1 -1 -1
0 0 6 0.912 2655 961 2990 2012 -1 -1 -1 -1
0 0 8 0.853 2984 1219 3232 1666 -1 -1 -1 -1
0 0 1 0.928 2001 845 2427 1914 -1 -1 -1 -1
0 0 2 0.911 546 828 892 1858 -1 -1 -1 -1
0 0 3 0.888 1052 900 1551 1875 -1 -1 -1 -1
0 0 4 0.891 1582 875 1978 1886 -1 -1 -1 -1
0 0 5 0.886 853 850 1274 1846 -1 -1 -1 -1
0 0 6 0.912 2659 955 3006 2009 -1 -1 -1 -1
0 0 8 0.813 2997 1212 3238 1661 -1 -1 -1 -1
0 0 1 0.93 2002 842 2435 1904 -1 -1 -1 -1
0 0 2 0.917 540 815 889 1857 -1 -1 -1 -1
0 0 3 0.898 1041 897 1558 1877 -1 -1 -1 -1
0 0 4 0.891 1582 876 1977 1890 -1 -1 -1 -1
0 0 5 0.896 852 833 1262 1846 -1 -1 -1 -1
0 0 6 0.905 2662 944 3022 2010 -1 -1 -1 -1
0 0 8 0.807 3010 1208 3251 1658 -1 -1 -1 -1
0 0 1 0.93 2002 839 2438 1904 -1 -1 -1 -1
0 0 2 0.918 534 804 887 1855 -1 -1 -1 -1
0 0 3 0.897 1035 896 1566 1877 -1 -1 -1 -1
0 0 4 0.89 1582 878 1975 1889 -1 -1 -1 -1
0 0 5 0.899 851 820 1257 1845 -1 -1 -1 -1
0 0 6 0.906 2662 941 3027 2010 -1 -1 -1 -1
0 0 8 0.79 3029 1204 3258 1659 -1 -1 -1 -1
0 0 1 0.928 2006 835 2443 1907 -1 -1 -1 -1
0 0 2 0.916 526 794 889 1852 -1 -1 -1 -1
0 0 3 0.912 1031 895 1579 1880 -1 -1 -1 -1
0 0 4 0.884 1583 879 1973 1890 -1 -1 -1 -1
0 0 5 0.891 854 812 1260 1841 -1 -1 -1 -1
0 0 6 0.906 2657 931 3027 2005 -1 -1 -1 -1
0 0 8 0.767 3051 1199 3271 1654 -1 -1 -1 -1
0 0 1 0.929 2010 832 2445 1910 -1 -1 -1 -1
0 0 2 0.915 519 784 887 1849 -1 -1 -1 -1
0 0 3 0.923 1027 893 1585 1881 -1 -1 -1 -1
0 0 4 0.884 1583 877 1970 1885 -1 -1 -1 -1
0 0 5 0.896 853 807 1260 1839 -1 -1 -1 -1
0 0 6 0.906 2652 924 3026 2003 -1 -1 -1 -1
0 0 8 0.825 3065 1197 3282 1652 -1 -1 -1 -1
0 0 1 0.925 2022 825 2453 1912 -1 -1 -1 -1
0 0 2 0.915 515 775 886 1843 -1 -1 -1 -1
0 0 3 0.905 1024 889 1594 1881 -1 -1 -1 -1
0 0 4 0.874 1582 870 1969 1885 -1 -1 -1 -1
0 0 5 0.887 850 802 1264 1845 -1 -1 -1 -1
0 0 6 0.906 2647 914 3020 1999 -1 -1 -1 -1
0 0 8 0.81 3088 1191 3309 1645 -1 -1 -1 -1
0 0 1 0.917 2034 819 2464 1912 -1 -1 -1 -1
0 0 2 0.913 509 767 888 1834 -1 -1 -1 -1
0 0 3 0.882 1030 886 1598 1887 -1 -1 -1 -1
0 0 4 0.881 1583 860 1966 1884 -1 -1 -1 -1
0 0 5 0.889 852 798 1267 1846 -1 -1 -1 -1
0 0 6 0.907 2645 907 3019 1998 -1 -1 -1 -1
0 0 8 0.711 3113 1183 3332 1640 -1 -1 -1 -1
0 0 1 0.914 2040 817 2470 1909 -1 -1 -1 -1
0 0 2 0.911 507 762 889 1830 -1 -1 -1 -1
0 0 3 0.886 1033 886 1600 1884 -1 -1 -1 -1
0 0 4 0.882 1583 856 1963 1884 -1 -1 -1 -1
0 0 5 0.886 852 796 1267 1844 -1 -1 -1 -1
0 0 6 0.907 2641 903 3019 2000 -1 -1 -1 -1
0 0 8 0.651 3149 1181 3334 1636 -1 -1 -1 -1
0 0 1 0.91 2051 815 2485 1909 -1 -1 -1 -1
0 0 2 0.909 504 754 894 1830 -1 -1 -1 -1
0 0 3 0.866 1041 885 1604 1885 -1 -1 -1 -1
0 0 4 0.889 1585 848 1965 1877 -1 -1 -1 -1
0 0 5 0.882 858 793 1267 1842 -1 -1 -1 -1
0 0 6 0.912 2646 899 3022 1999 -1 -1 -1 -1
0 0 8 0.577 3174 1180 3351 1632 -1 -1 -1 -1
0 0 1 0.907 2056 814 2491 1905 -1 -1 -1 -1
0 0 2 0.911 501 750 896 1833 -1 -1 -1 -1
0 0 3 0.86 1052 886 1605 1882 -1 -1 -1 -1
0 0 4 0.893 1584 842 1965 1883 -1 -1 -1 -1
0 0 5 0.881 857 793 1265 1842 -1 -1 -1 -1
0 0 6 0.907 2645 898 3023 1998 -1 -1 -1 -1
0 0 8 0.772 3189 1177 3367 1630 -1 -1 -1 -1
0 0 1 0.907 2064 815 2497 1918 -1 -1 -1 -1
0 0 2 0.912 500 751 900 1833 -1 -1 -1 -1
0 0 3 0.853 1059 886 1611 1881 -1 -1 -1 -1
0 0 4 0.893 1584 837 1967 1882 -1 -1 -1 -1
0 0 5 0.875 859 796 1263 1848 -1 -1 -1 -1
0 0 6 0.906 2643 896 3025 1999 -1 -1 -1 -1
0 0 8 0.772 3206 1179 3376 1634 -1 -1 -1 -1
0 0 1 0.909 2071 815 2507 1925 -1 -1 -1 -1
0 0 2 0.916 500 752 900 1834 -1 -1 -1 -1
0 0 3 0.869 1064 882 1615 1880 -1 -1 -1 -1
0 0 4 0.888 1584 828 1969 1884 -1 -1 -1 -1
0 0 5 0.887 863 800 1261 1856 -1 -1 -1 -1
0 0 6 0.911 2643 894 3028 1998 -1 -1 -1 -1
0 0 8 0.785 3222 1180 3378 1634 -1 -1 -1 -1
0 0 1 0.906 2075 814 2512 1925 -1 -1 -1 -1
0 0 2 0.913 499 753 899 1834 -1 -1 -1 -1
0 0 3 0.875 1061 878 1615 1884 -1 -1 -1 -1
0 0 4 0.873 1583 821 1967 1885 -1 -1 -1 -1
0 0 5 0.891 864 802 1258 1850 -1 -1 -1 -1
0 0 6 0.913 2642 894 3030 1997 -1 -1 -1 -1
0 0 8 0.768 3230 1180 3381 1632 -1 -1 -1 -1
0 0 1 0.905 2083 810 2519 1923 -1 -1 -1 -1
0 0 2 0.916 501 753 899 1839 -1 -1 -1 -1
0 0 3 0.886 1058 871 1612 1874 -1 -1 -1 -1
0 0 4 0.882 1588 809 1967 1873 -1 -1 -1 -1
0 0 5 0.888 866 800 1258 1852 -1 -1 -1 -1
0 0 6 0.907 2642 891 3032 1994 -1 -1 -1 -1
0 0 8 0.827 3238 1177 3402 1630 -1 -1 -1 -1
0 0 1 0.903 2084 807 2526 1925 -1 -1 -1 -1
0 0 2 0.915 502 753 896 1842 -1 -1 -1 -1
0 0 3 0.888 1057 865 1611 1869 -1 -1 -1 -1
0 0 4 0.878 1588 803 1966 1868 -1 -1 -1 -1
0 0 5 0.879 866 798 1257 1856 -1 -1 -1 -1
0 0 6 0.904 2643 890 3033 1992 -1 -1 -1 -1
0 0 8 0.856 3242 1177 3417 1629 -1 -1 -1 -1
0 0 1 0.901 2093 800 2536 1923 -1 -1 -1 -1
0 0 2 0.913 506 753 898 1846 -1 -1 -1 -1
0 0 3 0.898 1055 856 1609 1860 -1 -1 -1 -1
0 0 4 0.867 1591 790 1970 1863 -1 -1 -1 -1
0 0 5 0.859 869 792 1258 1850 -1 -1 -1 -1
0 0 6 0.89 2650 887 3035 1992 -1 -1 -1 -1
0 0 8 0.753 3246 1177 3432 1625 -1 -1 -1 -1
0 0 1 0.902 2098 788 2544 1917 -1 -1 -1 -1
0 0 2 0.91 511 750 901 1848 -1 -1 -1 -1
0 0 3 0.911 1056 845 1606 1856 -1 -1 -1 -1
0 0 4 0.858 1589 786 1974 1855 -1 -1 -1 -1
0 0 5 0.848 873 788 1261 1847 -1 -1 -1 -1
0 0 6 0.854 2662 902 3040 2000 -1 -1 -1 -1
0 0 8 0.838 3250 1176 3455 1622 -1 -1 -1 -1
0 0 1 0.899 2103 782 2546 1916 -1 -1 -1 -1
0 0 2 0.908 511 747 902 1840 -1 -1 -1 -1
0 0 3 0.908 1056 837 1606 1845 -1 -1 -1 -1
0 0 4 0.859 1588 789 1974 1850 -1 -1 -1 -1
0 0 5 0.844 873 785 1261 1844 -1 -1 -1 -1
0 0 6 0.844 2672 891 3037 1998 -1 -1 -1 -1
0 0 8 0.835 3252 1175 3470 1620 -1 -1 -1 -1
0 0 1 0.897 2110 771 2551 1910 -1 -1 -1 -1
0 0 2 0.909 517 738 906 1847 -1 -1 -1 -1
0 0 3 0.892 1073 827 1603 1841 -1 -1 -1 -1
0 0 4 0.863 1591 787 1979 1845 -1 -1 -1 -1
0 0 5 0.855 872 780 1263 1844 -1 -1 -1 -1
0 0 6 0.855 2683 881 3043 1995 -1 -1 -1 -1
0 0 8 0.876 3263 1169 3488 1616 -1 -1 -1 -1
0 0 1 0.896 2117 764 2554 1907 -1 -1 -1 -1
0 0 2 0.914 519 732 909 1854 -1 -1 -1 -1
0 0 3 0.878 1092 822 1598 1850 -1 -1 -1 -1
0 0 4 0.876 1593 786 1979 1843 -1 -1 -1 -1
0 0 5 0.859 874 775 1264 1840 -1 -1 -1 -1
0 0 6 0.877 2690 875 3047 1988 -1 -1 -1 -1
0 0 8 0.852 3269 1168 3497 1614 -1 -1 -1 -1
0 0 1 0.893 2127 756 2560 1903 -1 -1 -1 -1
0 0 2 0.911 530 721 918 1848 -1 -1 -1 -1
0 0 3 0.906 1121 810 1592 1848 -1 -1 -1 -1
0 0 4 0.863 1596 773 1982 1835 -1 -1 -1 -1
0 0 5 0.855 877 765 1266 1832 -1 -1 -1 -1
0 0 6 0.899 2701 867 3056 1980 -1 -1 -1 -1
0 0 8 0.854 3280 1166 3516 1610 -1 -1 -1 -1
0 0 1 0.887 2138 751 2566 1898 -1 -1 -1 -1
0 0 2 0.911 538 709 928 1846 -1 -1 -1 -1
0 0 3 0.905 1142 796 1592 1851 -1 -1 -1 -1
0 0 4 0.879 1597 774 1985 1841 -1 -1 -1 -1
0 0 5 0.869 882 752 1271 1824 -1 -1 -1 -1
0 0 6 0.894 2707 856 3061 1975 -1 -1 -1 -1
0 0 8 0.795 3292 1158 3529 1605 -1 -1 -1 -1
0 0 1 0.892 2145 748 2567 1896 -1 -1 -1 -1
0 0 2 0.917 542 701 933 1840 -1 -1 -1 -1
0 0 3 0.905 1161 788 1590 1850 -1 -1 -1 -1
0 0 4 0.884 1596 775 1985 1845 -1 -1 -1 -1
0 0 5 0.857 885 745 1271 1826 -1 -1 -1 -1
0 0 6 0.899 2710 851 3063 1970 -1 -1 -1 -1
0 0 8 0.769 3302 1155 3540 1602 -1 -1 -1 -1
0 0 1 0.898 2153 741 2573 1894 -1 -1 -1 -1
0 0 2 0.913 545 689 942 1829 -1 -1 -1 -1
0 0 3 0.909 1185 779 1591 1846 -1 -1 -1 -1
0 0 4 0.893 1599 775 1987 1846 -1 -1 -1 -1
0 0 5 0.875 891 731 1282 1825 -1 -1 -1 -1
0 0 6 0.9 2713 842 3066 1972 -1 -1 -1 -1
0 0 8 0.81 3317 1152 3566 1596 -1 -1 -1 -1
0 0 1 0.894 2156 736 2574 1892 -1 -1 -1 -1
0 0 2 0.91 544 682 944 1830 -1 -1 -1 -1
0 0 3 0.905 1199 775 1590 1845 -1 -1 -1 -1
0 0 4 0.888 1597 775 1987 1852 -1 -1 -1 -1
0 0 5 0.883 894 718 1285 1824 -1 -1 -1 -1
0 0 6 0.889 2714 830 3070 1974 -1 -1 -1 -1
0 0 8 0.798 3329 1148 3574 1593 -1 -1 -1 -1
0 0 1 0.895 2163 727 2583 1890 -1 -1 -1 -1
0 0 2 0.912 547 675 951 1828 -1 -1 -1 -1
0 0 3 0.892 1208 771 1591 1839 -1 -1 -1 -1
0 0 4 0.897 1598 768 1987 1856 -1 -1 -1 -1
0 0 5 0.863 905 701 1291 1815 -1 -1 -1 -1
0 0 6 0.882 2713 820 3085 1958 -1 -1 -1 -1
0 0 8 0.727 3360 1140 3604 1588 -1 -1 -1 -1
0 0 1 0.886 2171 721 2590 1888 -1 -1 -1 -1
0 0 2 0.909 547 668 956 1813 -1 -1 -1 -1
0 0 3 0.873 1209 768 1590 1836 -1 -1 -1 -1
0 0 4 0.892 1598 764 1985 1865 -1 -1 -1 -1
0 0 5 0.872 918 687 1297 1812 -1 -1 -1 -1
0 0 6 0.884 2708 802 3108 1949 -1 -1 -1 -1
0 0 8 0.76 3389 1131 3616 1579 -1 -1 -1 -1
0 0 1 0.877 2178 718 2593 1887 -1 -1 -1 -1
0 0 2 0.903 545 668 958 1806 -1 -1 -1 -1
0 0 3 0.87 1206 769 1589 1838 -1 -1 -1 -1
0 0 4 0.888 1598 762 1982 1861 -1 -1 -1 -1
0 0 5 0.889 922 679 1298 1811 -1 -1 -1 -1
0 0 6 0.884 2704 793 3117 1942 -1 -1 -1 -1
0 0 8 0.75 3411 1130 3625 1576 -1 -1 -1 -1
0 0 1 0.88 2191 717 2601 1889 -1 -1 -1 -1
0 0 2 0.894 545 665 963 1804 -1 -1 -1 -1
0 0 3 0.876 1208 770 1586 1832 -1 -1 -1 -1
0 0 4 0.889 1601 761 1981 1855 -1 -1 -1 -1
0 0 5 0.881 917 684 1304 1812 -1 -1 -1 -1
0 0 6 0.893 2705 783 3130 1938 -1 -1 -1 -1
0 0 8 0.818 3436 1126 3656 1574 -1 -1 -1 -1
0 0 1 0.882 2202 716 2605 1886 -1 -1 -1 -1
0 0 2 0.907 544 662 963 1800 -1 -1 -1 -1
0 0 3 0.868 1200 770 1581 1835 -1 -1 -1 -1
0 0 4 0.899 1598 760 1979 1853 -1 -1 -1 -1
0 0 5 0.88 918 685 1305 1805 -1 -1 -1 -1
0 0 6 0.901 2704 775 3136 1937 -1 -1 -1 -1
0 0 8 0.819 3457 1121 3670 1572 -1 -1 -1 -1
0 0 1 0.881 2220 711 2614 1883 -1 -1 -1 -1
0 0 2 0.899 552 652 970 1801 -1 -1 -1 -1
0 0 3 0.875 1198 769 1578 1835 -1 -1 -1 -1
0 0 4 0.9 1597 755 1982 1848 -1 -1 -1 -1
0 0 5 0.893 918 679 1308 1807 -1 -1 -1 -1
0 0 6 0.903 2707 769 3148 1933 -1 -1 -1 -1
0 0 8 0.869 3489 1113 3683 1572 -1 -1 -1 -1
0 0 1 0.88 2237 709 2621 1872 -1 -1 -1 -1
0 0 2 0.893 558 647 977 1802 -1 -1 -1 -1
0 0 3 0.906 1200 768 1574 1834 -1 -1 -1 -1
0 0 4 0.894 1598 747 1994 1841 -1 -1 -1 -1
0 0 5 0.888 926 676 1312 1809 -1 -1 -1 -1
0 0 6 0.898 2712 764 3166 1935 -1 -1 -1 -1
0 0 8 0.855 3517 1108 3693 1569 -1 -1 -1 -1
0 0 1 0.886 2245 707 2625 1869 -1 -1 -1 -1
0 0 2 0.899 559 644 980 1797 -1 -1 -1 -1
0 0 3 0.9 1197 768 1569 1837 -1 -1 -1 -1
0 0 4 0.896 1595 741 2001 1837 -1 -1 -1 -1
0 0 5 0.875 927 673 1310 1810 -1 -1 -1 -1
0 0 6 0.889 2718 763 3178 1936 -1 -1 -1 -1
0 0 8 0.847 3534 1107 3698 1566 -1 -1 -1 -1
0 0 1 0.892 2260 709 2635 1880 -1 -1 -1 -1
0 0 2 0.895 565 644 984 1788 -1 -1 -1 -1
0 0 3 0.887 1193 764 1566 1836 -1 -1 -1 -1
0 0 4 0.902 1597 731 2015 1832 -1 -1 -1 -1
0 0 5 0.876 927 671 1307 1812 -1 -1 -1 -1
0 0 6 0.914 2726 761 3201 1938 -1 -1 -1 -1
0 0 8 0.86 3553 1104 3710 1563 -1 -1 -1 -1
0 0 1 0.891 2269 710 2641 1892 -1 -1 -1 -1
0 0 2 0.903 564 649 979 1794 -1 -1 -1 -1
0 0 3 0.889 1190 761 1562 1835 -1 -1 -1 -1
0 0 4 0.907 1595 723 2025 1833 -1 -1 -1 -1
0 0 5 0.876 927 670 1304 1810 -1 -1 -1 -1
0 0 6 0.918 2731 761 3212 1938 -1 -1 -1 -1
0 0 8 0.863 3558 1104 3718 1564 -1 -1 -1 -1
0 0 1 0.888 2279 712 2645 1902 -1 -1 -1 -1
0 0 2 0.886 562 651 981 1810 -1 -1 -1 -1
0 0 3 0.882 1182 759 1558 1831 -1 -1 -1 -1
0 0 4 0.909 1594 715 2034 1839 -1 -1 -1 -1
0 0 5 0.877 928 668 1298 1821 -1 -1 -1 -1
0 0 6 0.922 2744 762 3225 1940 -1 -1 -1 -1
0 0 8 0.83 3568 1108 3732 1563 -1 -1 -1 -1
0 0 1 0.884 2283 715 2646 1904 -1 -1 -1 -1
0 0 2 0.885 553 661 976 1822 -1 -1 -1 -1
0 0 3 0.872 1170 757 1555 1829 -1 -1 -1 -1
0 0 4 0.914 1593 706 2042 1845 -1 -1 -1 -1
0 0 5 0.878 933 665 1292 1822 -1 -1 -1 -1
0 0 6 0.916 2757 765 3236 1942 -1 -1 -1 -1
0 0 8 0.829 3572 1111 3750 1562 -1 -1 -1 -1
0 0 1 0.886 2284 714 2646 1906 -1 -1 -1 -1
0 0 2 0.877 544 660 972 1825 -1 -1 -1 -1
0 0 3 0.854 1163 754 1552 1831 -1 -1 -1 -1
0 0 4 0.912 1589 700 2045 1848 -1 -1 -1 -1
0 0 5 0.887 935 661 1282 1822 -1 -1 -1 -1
0 0 6 0.91 2764 766 3239 1943 -1 -1 -1 -1
0 0 8 0.846 3572 1112 3765 1561 -1 -1 -1 -1
0 0 1 0.899 2283 713 2646 1907 -1 -1 -1 -1
0 0 2 0.894 545 659 965 1829 -1 -1 -1 -1
0 0 3 0.876 1145 742 1557 1846 -1 -1 -1 -1
0 0 4 0.916 1587 694 2046 1847 -1 -1 -1 -1
0 0 5 0.86 928 656 1268 1807 -1 -1 -1 -1
0 0 6 0.914 2787 766 3238 1947 -1 -1 -1 -1
0 0 8 0.831 3572 1111 3798 1559 -1 -1 -1 -1
0 0 1 0.901 2280 710 2645 1907 -1 -1 -1 -1
0 0 2 0.895 544 657 963 1830 -1 -1 -1 -1
0 0 3 0.875 1128 734 1556 1853 -1 -1 -1 -1
0 0 4 0.918 1584 692 2044 1840 -1 -1 -1 -1
0 0 5 0.85 924 649 1261 1795 -1 -1 -1 -1
0 0 6 0.912 2804 766 3232 1954 -1 -1 -1 -1
0 0 8 0.854 3572 1111 3817 1559 -1 -1 -1 -1
0 0 1 0.9 2274 705 2646 1903 -1 -1 -1 -1
0 0 2 0.89 545 652 964 1828 -1 -1 -1 -1
0 0 3 0.87 1103 727 1550 1848 -1 -1 -1 -1
0 0 4 0.914 1583 689 2045 1836 -1 -1 -1 -1
0 0 5 0.849 913 638 1260 1806 -1 -1 -1 -1
0 0 6 0.905 2819 767 3230 1963 -1 -1 -1 -1
0 0 8 0.86 3576 1111 3826 1557 -1 -1 -1 -1
0 0 1 0.906 2268 698 2651 1901 -1 -1 -1 -1
0 0 2 0.894 546 642 956 1824 -1 -1 -1 -1
0 0 3 0.923 1084 725 1546 1838 -1 -1 -1 -1
0 0 4 0.918 1584 686 2050 1828 -1 -1 -1 -1
0 0 5 0.848 901 631 1255 1803 -1 -1 -1 -1
0 0 6 0.899 2835 769 3235 1977 -1 -1 -1 -1
0 0 8 0.883 3582 1109 3824 1556 -1 -1 -1 -1
0 0 1 0.905 2260 692 2655 1897 -1 -1 -1 -1
0 0 2 0.9 541 635 947 1824 -1 -1 -1 -1
0 0 3 0.942 1068 722 1545 1832 -1 -1 -1 -1
0 0 4 0.922 1583 683 2056 1829 -1 -1 -1 -1
0 0 5 0.859 893 624 1252 1807 -1 -1 -1 -1
0 0 6 0.897 2842 769 3237 1986 -1 -1 -1 -1
0 0 8 0.865 3586 1109 3827 1556 -1 -1 -1 -1
0 0 1 0.911 2252 683 2663 1894 -1 -1 -1 -1
0 0 2 0.896 536 624 945 1825 -1 -1 -1 -1
0 0 3 0.943 1057 711 1547 1830 -1 -1 -1 -1
0 0 4 0.927 1586 681 2062 1839 -1 -1 -1 -1
0 0 5 0.869 887 617 1261 1807 -1 -1 -1 -1
0 0 6 0.9 2852 766 3244 1993 -1 -1 -1 -1
0 0 8 0.838 3592 1107 3839 1555 -1 -1 -1 -1
0 0 1 0.908 2244 679 2670 1892 -1 -1 -1 -1
0 0 2 0.895 529 615 945 1827 -1 -1 -1 -1
0 0 3 0.935 1052 706 1546 1830 -1 -1 -1 -1
0 0 4 0.924 1586 681 2065 1847 -1 -1 -1 -1
0 0 5 0.875 881 604 1266 1811 -1 -1 -1 -1
0 0 6 0.896 2854 765 3250 1997 -1 -1 -1 -1
0 0 8 0.872 3598 1106 3840 1554 -1 -1 -1 -1
0 0 1 0.899 2240 671 2677 1892 -1 -1 -1 -1
0 0 2 0.902 521 608 939 1822 -1 -1 -1 -1
0 0 3 0.925 1041 700 1548 1832 -1 -1 -1 -1
0 0 4 0.925 1589 683 2071 1854 -1 -1 -1 -1
0 0 5 0.867 875 594 1266 1800 -1 -1 -1 -1
0 0 6 0.904 2860 762 3260 1995 -1 -1 -1 -1
0 0 8 0.863 3610 1105 3840 1553 -1 -1 -1 -1
0 0 1 0.901 2234 661 2684 1892 -1 -1 -1 -1
0 0 2 0.904 507 601 931 1814 -1 -1 -1 -1
0 0 3 0.898 1027 697 1550 1844 -1 -1 -1 -1
0 0 4 0.926 1590 683 2078 1863 -1 -1 -1 -1
0 0 5 0.858 864 587 1267 1800 -1 -1 -1 -1
0 0 6 0.902 2868 755 3268 1994 -1 -1 -1 -1
0 0 8 0.811 3629 1102 3840 1550 -1 -1 -1 -1
0 0 1 0.906 2228 656 2686 1891 -1 -1 -1 -1
0 0 2 0.899 497 597 925 1806 -1 -1 -1 -1
0 0 3 0.895 1027 697 1553 1846 -1 -1 -1 -1
0 0 4 0.927 1593 685 2082 1867 -1 -1 -1 -1
0 0 5 0.857 858 586 1270 1798 -1 -1 -1 -1
0 0 6 0.897 2872 752 3272 1994 -1 -1 -1 -1
0 0 8 0.809 3640 1103 3840 1549 -1 -1 -1 -1
0 0 1 0.907 2225 648 2689 1881 -1 -1 -1 -1
0 0 2 0.899 485 586 922 1801 -1 -1 -1 -1
0 0 3 0.893 1042 696 1562 1842 -1 -1 -1 -1
0 0 4 0.926 1596 685 2091 1869 -1 -1 -1 -1
0 0 5 0.861 848 580 1269 1794 -1 -1 -1 -1
0 0 6 0.887 2877 744 3279 1988 -1 -1 -1 -1
0 0 8 0.777 3661 1097 3840 1544 -1 -1 -1 -1
0 0 1 0.906 2226 642 2690 1880 -1 -1 -1 -1
0 0 2 0.903 477 579 917 1797 -1 -1 -1 -1
0 0 3 0.896 1049 696 1570 1835 -1 -1 -1 -1
0 0 4 0.928 1596 686 2097 1869 -1 -1 -1 -1
0 0 5 0.867 842 576 1266 1790 -1 -1 -1 -1
0 0 6 0.888 2881 737 3284 1988 -1 -1 -1 -1
0 0 8 0.785 3677 1094 3840 1543 -1 -1 -1 -1
0 0 1 0.906 2224 634 2692 1879 -1 -1 -1 -1
0 0 2 0.895 468 567 912 1796 -1 -1 -1 -1
0 0 3 0.899 1052 699 1579 1833 -1 -1 -1 -1
0 0 4 0.929 1601 685 2106 1869 -1 -1 -1 -1
0 0 5 0.857 837 568 1264 1800 -1 -1 -1 -1
0 0 6 0.888 2884 730 3292 1985 -1 -1 -1 -1
0 0 8 0.756 3700 1088 3840 1544 -1 -1 -1 -1
0 0 1 0.914 2224 626 2690 1876 -1 -1 -1 -1
0 0 2 0.888 462 555 907 1788 -1 -1 -1 -1
0 0 3 0.905 1048 700 1585 1837 -1 -1 -1 -1
0 0 4 0.926 1606 680 2111 1865 -1 -1 -1 -1
0 0 5 0.857 830 564 1258 1799 -1 -1 -1 -1
0 0 6 0.876 2884 723 3305 1985 -1 -1 -1 -1
0 0 8 0.721 3729 1113 3840 1542 -1 -1 -1 -1
0 0 1 0.916 2223 622 2687 1873 -1 -1 -1 -1
0 0 2 0.889 458 547 905 1784 -1 -1 -1 -1
0 0 3 0.903 1040 702 1585 1839 -1 -1 -1 -1
0 0 4 0.923 1607 677 2113 1863 -1 -1 -1 -1
0 0 5 0.87 825 562 1250 1803 -1 -1 -1 -1
0 0 6 0.897 2880 719 3309 1983 -1 -1 -1 -1
0 0 8 0.712 3748 1133 3839 1543 -1 -1 -1 -1
0 0 1 0.909 2224 614 2685 1871 -1 -1 -1 -1
0 0 2 0.903 456 539 903 1786 -1 -1 -1 -1
0 0 3 0.896 1019 700 1586 1834 -1 -1 -1 -1
0 0 4 0.923 1610 668 2115 1861 -1 -1 -1 -1
0 0 5 0.884 812 557 1242 1794 -1 -1 -1 -1
0 0 6 0.903 2868 710 3311 1978 -1 -1 -1 -1
0 0 8 0.517 3775 1143 3838 1534 -1 -1 -1 -1
0 0 1 0.911 2223 609 2684 1874 -1 -1 -1 -1
0 0 2 0.901 449 535 902 1785 -1 -1 -1 -1
0 0 3 0.899 1005 699 1584 1835 -1 -1 -1 -1
0 0 4 0.919 1611 660 2114 1861 -1 -1 -1 -1
0 0 5 0.878 803 548 1237 1796 -1 -1 -1 -1
0 0 6 0.908 2855 705 3312 1973 -1 -1 -1 -1
0 0 8 0.408 3783 1129 3838 1529 -1 -1 -1 -1
0 0 1 0.908 2223 603 2681 1873 -1 -1 -1 -1
0 0 2 0.891 441 529 900 1780 -1 -1 -1 -1
0 0 3 0.882 992 693 1580 1837 -1 -1 -1 -1
0 0 4 0.922 1612 648 2106 1853 -1 -1 -1 -1
0 0 5 0.877 792 549 1232 1802 -1 -1 -1 -1
0 0 6 0.896 2831 698 3311 1960 -1 -1 -1 -1
0 0 8 0.424 3794 1141 3838 1530 -1 -1 -1 -1
0 0 1 0.903 2224 596 2675 1873 -1 -1 -1 -1
0 0 2 0.885 430 525 891 1777 -1 -1 -1 -1
0 0 3 0.884 979 678 1578 1831 -1 -1 -1 -1
0 0 4 0.919 1609 629 2087 1845 -1 -1 -1 -1
0 0 5 0.87 779 543 1229 1804 -1 -1 -1 -1
0 0 6 0.897 2810 691 3310 1955 -1 -1 -1 -1
0 0 1 0.902 2224 593 2666 1869 -1 -1 -1 -1
0 0 2 0.895 422 523 885 1777 -1 -1 -1 -1
0 0 3 0.884 977 677 1577 1827 -1 -1 -1 -1
0 0 4 0.919 1610 622 2075 1842 -1 -1 -1 -1
0 0 5 0.869 772 538 1226 1807 -1 -1 -1 -1
0 0 6 0.908 2786 687 3307 1951 -1 -1 -1 -1
0 0 1 0.892 2226 589 2654 1872 -1 -1 -1 -1
0 0 2 0.893 416 519 876 1788 -1 -1 -1 -1
0 0 3 0.879 983 659 1580 1828 -1 -1 -1 -1
0 0 4 0.919 1612 608 2059 1831 -1 -1 -1 -1
0 0 5 0.882 777 531 1226 1805 -1 -1 -1 -1
0 0 6 0.901 2767 681 3299 1947 -1 -1 -1 -1
0 0 1 0.892 2225 589 2646 1880 -1 -1 -1 -1
0 0 2 0.892 411 518 870 1797 -1 -1 -1 -1
0 0 3 0.885 984 648 1581 1828 -1 -1 -1 -1
0 0 4 0.922 1612 602 2048 1826 -1 -1 -1 -1
0 0 5 0.888 779 528 1224 1807 -1 -1 -1 -1
0 0 6 0.909 2758 679 3295 1946 -1 -1 -1 -1
0 0 1 0.891 2223 591 2635 1888 -1 -1 -1 -1
0 0 2 0.902 402 516 861 1801 -1 -1 -1 -1
0 0 3 0.891 986 628 1578 1827 -1 -1 -1 -1
0 0 4 0.923 1612 593 2043 1827 -1 -1 -1 -1
0 0 5 0.892 779 526 1223 1802 -1 -1 -1 -1
0 0 6 0.912 2748 676 3288 1943 -1 -1 -1 -1
0 0 1 0.892 2220 595 2622 1893 -1 -1 -1 -1
0 0 2 0.905 393 515 852 1804 -1 -1 -1 -1
0 0 3 0.901 987 619 1576 1830 -1 -1 -1 -1
0 0 4 0.922 1612 590 2044 1830 -1 -1 -1 -1
0 0 5 0.889 775 524 1221 1802 -1 -1 -1 -1
0 0 6 0.917 2737 677 3285 1945 -1 -1 -1 -1
0 0 1 0.886 2217 598 2611 1894 -1 -1 -1 -1
0 0 2 0.908 384 514 846 1807 -1 -1 -1 -1
0 0 3 0.905 989 614 1573 1834 -1 -1 -1 -1
0 0 4 0.923 1611 589 2046 1832 -1 -1 -1 -1
0 0 5 0.89 771 522 1218 1801 -1 -1 -1 -1
0 0 6 0.921 2732 678 3283 1947 -1 -1 -1 -1
0 0 1 0.872 2214 594 2601 1895 -1 -1 -1 -1
0 0 2 0.908 371 510 837 1806 -1 -1 -1 -1
0 0 3 0.9 1008 609 1570 1834 -1 -1 -1 -1
0 0 4 0.92 1611 587 2048 1832 -1 -1 -1 -1
0 0 5 0.89 766 516 1217 1802 -1 -1 -1 -1
0 0 6 0.923 2732 677 3284 1961 -1 -1 -1 -1
0 0 1 0.872 2212 590 2594 1895 -1 -1 -1 -1
0 0 2 0.9 363 507 833 1805 -1 -1 -1 -1
0 0 3 0.912 1016 606 1566 1833 -1 -1 -1 -1
0 0 4 0.919 1611 587 2051 1836 -1 -1 -1 -1
0 0 5 0.882 753 515 1214 1811 -1 -1 -1 -1
0 0 6 0.923 2732 678 3283 1969 -1 -1 -1 -1
0 0 1 0.876 2211 583 2586 1893 -1 -1 -1 -1
0 0 2 0.9 351 501 830 1805 -1 -1 -1 -1
0 0 3 0.907 1022 601 1562 1829 -1 -1 -1 -1
0 0 4 0.922 1610 589 2053 1839 -1 -1 -1 -1
0 0 5 0.891 752 504 1212 1807 -1 -1 -1 -1
0 0 6 0.921 2743 679 3281 1983 -1 -1 -1 -1
0 0 1 0.874 2213 576 2583 1892 -1 -1 -1 -1
0 0 2 0.893 343 495 826 1802 -1 -1 -1 -1
0 0 3 0.902 1028 598 1558 1824 -1 -1 -1 -1
0 0 4 0.921 1611 593 2054 1850 -1 -1 -1 -1
0 0 5 0.881 750 494 1213 1811 -1 -1 -1 -1
0 0 6 0.919 2754 682 3283 1991 -1 -1 -1 -1
0 0 1 0.867 2213 571 2582 1892 -1 -1 -1 -1
0 0 2 0.882 337 492 823 1799 -1 -1 -1 -1
0 0 3 0.903 1030 597 1557 1827 -1 -1 -1 -1
0 0 4 0.922 1610 595 2054 1858 -1 -1 -1 -1
0 0 5 0.882 748 487 1214 1813 -1 -1 -1 -1
0 0 6 0.918 2761 683 3285 1998 -1 -1 -1 -1
0 0 1 0.878 2211 564 2583 1892 -1 -1 -1 -1
0 0 2 0.883 326 483 820 1799 -1 -1 -1 -1
0 0 3 0.912 1030 592 1556 1823 -1 -1 -1 -1
0 0 4 0.925 1609 596 2056 1868 -1 -1 -1 -1
0 0 5 0.881 750 476 1219 1805 -1 -1 -1 -1
0 0 6 0.921 2771 678 3291 1997 -1 -1 -1 -1
0 0 1 0.878 2209 556 2584 1895 -1 -1 -1 -1
0 0 2 0.88 320 473 817 1800 -1 -1 -1 -1
0 0 3 0.909 1028 588 1554 1819 -1 -1 -1 -1
0 0 4 0.924 1608 597 2056 1866 -1 -1 -1 -1
0 0 5 0.886 753 467 1220 1802 -1 -1 -1 -1
0 0 6 0.925 2782 674 3293 1994 -1 -1 -1 -1
